000002	0 0 0 0 0 0 0 0 0 0 0 0 1 0 0 0 0 0 0 0 
000004	0 0 0 0 0 0 0 0 0 0 0 0 0 0 0 0 0 0 0 0 
000005	0 0 0 0 0 0 0 0 0 0 0 0 0 0 0 0 0 0 0 0 
000006	0 0 9 6 2 2 6 3 0 4 2 3 2 2 1 1 2 1 2 0 
000007	0 0 0 0 0 0 0 0 0 0 0 0 0 0 0 0 0 0 0 0 
000008	0 0 0 0 0 0 0 0 1 0 0 0 0 2 0 1 1 1 0 0 
000009	0 0 0 0 2 0 1 0 0 0 1 0 0 1 2 3 0 1 4 0 
000010	0 0 0 0 0 0 0 0 0 0 0 0 0 0 0 0 0 0 0 0 
000011	0 0 0 0 0 0 0 0 0 0 0 0 0 0 0 0 0 1 0 0 
000012	1 2 0 1 0 1 1 0 3 3 1 1 2 2 1 1 0 1 0 0 
000014	0 0 0 0 0 0 0 0 0 0 0 0 0 0 0 0 0 0 0 0 
000016	6 0 0 0 0 0 0 0 0 0 0 0 0 0 0 0 0 0 0 0 
000017	0 0 0 0 0 0 0 0 0 0 0 0 0 0 0 0 0 0 0 0 
000018	0 0 0 0 0 0 0 0 0 0 0 0 5 2 1 2 4 1 1 0 
000019	0 0 0 0 0 0 1 0 0 3 2 1 0 0 0 0 0 0 0 0 
000020	0 0 0 0 0 0 0 0 0 0 0 0 0 0 0 0 0 0 0 0 
000021	0 0 1 0 0 3 2 2 0 2 3 7 0 2 6 3 8 2 0 1 
000022	0 0 2 0 0 0 2 0 0 0 0 0 0 0 1 2 2 4 1 4 
000023	0 0 0 0 0 0 0 1 0 0 0 0 0 0 0 0 0 0 0 0 
000025	0 0 0 0 1 0 0 0 0 0 1 0 0 0 0 0 0 0 0 1 
000026	1 3 3 3 2 2 2 1 0 0 3 1 0 0 0 4 2 1 0 1 
000027	0 0 0 0 0 0 0 0 0 0 0 0 0 0 0 0 0 0 0 0 
000028	0 0 0 0 1 0 0 0 0 0 0 0 1 0 0 0 0 1 0 0 
000029	0 0 1 0 0 0 0 0 0 0 0 0 0 0 0 0 0 0 0 0 
000030	0 0 0 0 0 0 0 0 0 1 1 0 0 0 0 0 0 0 0 0 
000031	3 1 5 4 3 0 1 3 4 6 6 6 1 2 1 2 2 2 0 0 
000032	0 0 0 0 0 0 0 0 0 1 3 0 0 0 1 2 0 0 0 0 
000034	0 0 0 0 0 0 0 0 0 0 0 0 0 0 3 0 0 1 1 0 
000035	0 0 0 0 0 0 0 0 0 0 0 0 1 0 0 1 0 0 0 0 
000036	0 0 0 1 0 0 0 0 0 0 8 0 2 0 2 0 3 2 0 0 
000037	0 0 0 0 0 0 0 0 0 0 0 0 0 0 0 0 0 0 0 0 
000038	0 0 0 0 0 0 0 0 0 0 0 1 0 0 3 0 0 0 1 0 
000039	0 0 0 0 0 0 0 0 0 0 0 0 0 1 4 1 2 1 1 0 
000040	0 0 0 0 0 0 0 0 0 0 0 0 1 0 0 1 0 1 1 0 
000042	0 0 7 1 2 4 2 3 6 3 2 3 3 2 0 1 2 1 1 1 
000043	4 2 3 2 1 1 1 2 1 0 2 5 3 3 0 0 0 0 1 0 
000045	6 1 4 0 0 0 0 2 0 1 1 0 0 1 1 0 0 0 0 0 
000046	4 3 3 1 0 3 2 3 3 1 1 1 2 3 2 0 0 3 1 1 
000048	0 0 0 0 0 0 0 0 1 0 0 0 0 0 0 0 0 0 0 0 
000049	2 3 2 1 4 2 1 1 3 2 1 0 0 0 1 1 3 0 3 2 
000050	7 6 3 5 6 7 5 6 6 9 7 9 10 11 4 0 4 12 14 4 
000055	0 0 0 0 3 4 5 3 1 2 1 1 4 2 2 2 1 0 3 0 
000056	0 3 0 0 0 1 1 2 3 2 2 2 2 0 1 0 0 2 2 0 
000058	0 0 1 2 0 0 0 2 0 0 0 0 0 0 2 0 1 0 0 1 
000059	0 0 0 0 0 0 0 0 0 0 0 0 0 0 0 0 0 0 0 0 
000060	1 0 1 2 0 1 1 2 1 4 3 4 0 6 6 5 1 4 4 6 
000061	0 0 0 0 0 0 0 0 0 4 1 1 1 2 2 0 1 1 0 2 
000062	1 1 0 2 1 0 1 0 1 0 0 0 0 0 0 0 0 1 0 1 
000063	14 20 7 11 6 18 19 5 4 11 5 3 7 5 10 8 3 5 10 4 
000065	0 0 0 0 0 2 2 1 1 0 1 0 0 3 0 2 0 2 3 1 
000066	0 0 1 0 2 0 1 2 2 0 1 0 0 0 1 0 0 5 1 1 
000068	0 0 0 0 0 0 0 0 0 0 1 0 0 1 0 0 0 0 0 0 
000069	0 0 0 15 0 5 6 0 0 6 6 3 1 1 0 1 2 10 9 9 
000070	0 0 0 0 0 0 1 0 0 2 0 3 0 0 2 2 0 0 2 0 
000078	0 0 0 0 0 0 1 0 0 3 3 1 3 2 1 0 0 0 1 0 
000088	0 0 0 0 0 0 0 3 2 0 0 0 0 1 1 1 2 1 0 1 
000089	0 0 3 6 3 5 5 3 6 5 4 10 4 8 8 5 2 6 6 6 
000090	1 0 1 5 3 0 2 8 5 4 4 4 2 3 1 1 1 10 3 4 
000096	0 0 0 1 1 0 1 0 4 1 0 0 0 2 2 1 0 1 0 0 
000099	0 0 0 3 4 4 1 3 0 2 4 0 3 8 2 2 3 2 1 0 
000100	9 7 5 1 6 8 5 3 6 5 2 0 2 4 3 0 5 5 7 6 
000150	2 0 0 1 1 0 0 0 2 0 1 0 1 1 0 0 0 0 0 0 
000151	0 0 0 0 0 0 0 0 0 1 0 0 0 0 0 0 0 0 0 0 
000153	0 0 0 0 0 0 0 0 0 0 0 0 0 0 0 0 0 0 0 0 
000155	0 0 0 0 0 0 0 1 0 0 1 0 0 0 0 0 0 0 0 0 
000156	1 5 5 3 2 6 0 2 3 4 3 3 4 3 3 2 3 1 1 0 
000157	13 0 6 1 0 0 0 0 0 0 1 2 0 2 4 1 0 0 0 2 
000158	2 0 0 0 0 0 0 0 0 0 1 0 0 0 0 0 0 0 0 0 
000159	0 0 0 2 0 3 1 0 0 1 1 2 1 0 1 1 2 1 0 0 
000301	0 0 0 2 0 1 0 2 0 1 0 0 0 0 0 0 0 0 0 1 
000333	0 0 0 8 9 7 3 7 2 0 5 2 1 4 2 2 2 8 0 4 
000338	0 17 5 23 2 8 6 4 2 8 5 5 4 7 10 15 10 8 19 8 
000400	0 1 1 2 0 1 1 1 1 6 1 3 1 2 3 3 3 1 2 0 
000401	0 0 0 0 2 1 1 0 0 0 0 0 0 0 1 0 1 1 0 0 
000402	1 0 2 4 0 10 0 3 1 3 0 1 2 5 6 2 5 6 4 5 
000403	0 0 0 0 0 0 0 0 0 0 0 0 1 0 0 0 0 0 0 0 
000404	1 2 5 1 0 0 0 1 2 0 1 3 1 1 0 1 2 0 0 0 
000407	1 6 4 3 0 5 3 3 2 1 2 0 2 0 0 2 3 0 0 0 
000408	0 0 0 0 0 0 0 0 1 0 0 0 0 0 0 0 0 0 2 1 
000409	0 0 0 0 0 0 0 0 0 0 0 0 0 0 0 0 0 0 0 0 
000410	1 1 3 1 0 4 3 3 2 1 0 0 0 0 0 0 1 1 0 1 
000411	1 3 1 0 2 2 0 3 0 1 3 2 1 4 2 1 1 1 0 0 
000413	0 0 1 4 2 2 0 1 0 2 0 4 2 0 1 0 0 0 1 1 
000415	0 0 0 0 0 0 0 0 0 0 1 1 1 3 0 0 2 0 0 2 
000417	2 2 0 2 2 1 1 1 2 0 0 1 1 1 0 1 2 2 0 1 
000418	0 0 3 2 1 0 1 5 1 4 5 2 2 1 3 1 0 2 3 2 
000419	0 0 0 0 0 0 0 0 0 0 0 0 0 0 0 0 0 0 0 0 
000420	0 0 0 0 0 0 0 0 0 0 0 0 0 0 0 0 0 0 0 0 
000421	0 0 0 0 0 0 0 0 0 0 0 0 0 0 0 0 0 0 0 0 
000422	0 0 0 0 0 0 0 0 0 0 0 0 0 0 0 0 0 0 0 0 
000423	0 0 0 2 2 1 0 0 0 1 0 0 1 0 1 0 0 0 0 0 
000425	0 0 2 0 0 5 6 3 3 0 2 3 1 1 4 2 10 8 5 1 
000426	0 0 1 0 0 0 0 0 0 0 0 0 0 0 0 0 0 1 1 0 
000428	0 0 0 0 0 0 0 0 0 1 0 1 0 0 0 0 0 0 0 0 
000429	0 0 0 0 0 0 0 0 1 0 0 0 0 4 3 1 4 5 5 1 
000430	1 3 0 1 2 2 1 0 0 1 0 2 0 0 0 0 0 3 0 0 
000488	0 0 2 6 2 1 3 2 3 0 0 0 0 3 0 0 0 0 0 0 
000498	0 0 0 0 0 0 0 0 0 0 0 0 0 0 4 1 2 4 1 1 
000501	0 0 12 0 1 2 1 1 1 0 3 0 0 0 4 2 1 0 0 0 
000502	0 0 0 0 0 0 0 0 0 0 3 4 2 0 1 0 0 0 0 0 
000503	0 2 11 1 3 0 1 3 3 1 0 2 0 2 0 0 2 0 0 0 
000504	0 0 0 0 0 0 0 0 0 0 0 0 0 0 0 0 0 0 0 0 
000505	0 0 0 0 0 0 0 0 0 0 0 0 0 0 0 0 0 0 0 1 
000506	0 0 0 0 0 0 0 0 0 0 0 0 0 0 0 0 0 0 0 0 
000507	1 2 1 2 0 2 2 0 1 3 2 3 0 3 0 0 1 5 3 0 
000509	0 0 0 0 0 1 0 0 0 0 0 0 0 0 0 0 0 0 0 0 
000510	0 0 0 0 0 1 0 0 0 0 0 0 0 0 0 0 0 0 1 0 
000511	0 0 0 0 0 0 0 0 0 0 0 0 0 0 0 0 0 0 0 0 
000513	0 1 0 0 1 2 4 4 4 1 4 7 3 4 5 12 3 5 9 8 
000514	0 0 0 0 0 0 0 0 0 0 0 0 0 0 0 0 0 0 0 0 
000516	0 0 13 5 4 3 2 3 3 2 1 0 0 1 2 0 0 0 0 0 
000517	0 1 0 0 0 0 0 0 0 0 1 0 1 1 0 0 1 0 0 1 
000518	0 0 0 0 0 0 0 0 0 0 0 0 0 0 0 0 0 0 0 0 
000519	0 0 0 0 0 0 0 0 0 0 0 0 0 0 0 0 2 2 0 0 
000520	0 0 0 0 0 0 0 0 0 0 0 0 0 0 0 0 0 0 0 0 
000521	5 6 3 15 5 5 2 1 4 4 3 2 4 5 10 7 4 5 1 3 
000523	0 0 0 0 0 1 0 0 1 2 4 4 1 1 3 0 3 1 1 1 
000524	0 0 0 0 0 2 7 2 1 2 7 1 5 0 3 3 3 2 4 9 
000525	7 10 7 8 8 5 1 6 1 4 3 6 3 2 5 7 1 3 6 5 
000526	0 0 0 0 0 0 0 0 0 0 1 0 0 0 0 0 0 0 0 0 
000528	0 1 0 0 2 2 0 1 0 1 0 0 2 0 2 2 4 0 1 1 
000529	0 0 0 0 0 0 0 0 0 0 0 0 0 0 0 2 2 1 0 0 
000530	3 1 5 6 7 6 2 4 5 5 9 6 5 0 3 8 7 2 8 4 
000531	0 4 1 1 0 0 0 0 0 0 0 1 1 1 1 0 0 0 1 0 
000532	1 0 0 0 0 0 0 0 0 0 0 0 0 0 1 0 0 0 0 0 
000533	0 0 0 0 0 0 0 0 0 1 0 4 0 0 0 0 0 0 0 0 
000534	0 0 0 0 0 0 0 0 0 1 0 0 0 2 0 0 0 0 0 0 
000536	5 5 2 1 1 0 1 3 0 2 1 2 0 4 1 1 1 1 0 0 
000537	0 0 0 2 0 0 0 0 0 0 0 0 0 0 0 0 0 3 0 2 
000538	10 10 8 8 12 4 15 20 6 28 20 11 8 16 16 16 24 14 10 20 
000539	5 0 0 1 1 0 0 1 1 2 0 1 1 2 2 0 2 0 1 1 
000540	0 1 0 1 0 0 3 2 0 2 0 1 0 0 0 0 1 1 1 1 
000541	1 0 0 1 4 1 0 1 0 0 0 0 2 1 0 0 1 1 1 3 
000543	0 0 0 0 0 0 1 4 0 1 0 1 0 0 0 1 0 1 0 0 
000544	0 0 0 0 0 0 0 0 0 0 0 0 0 0 0 0 0 0 0 0 
000545	0 0 4 1 0 0 1 0 0 0 0 0 0 0 0 0 0 0 0 0 
000546	0 0 0 0 0 0 0 0 1 0 1 0 1 0 0 0 0 0 0 4 
000547	0 0 0 2 0 0 0 2 0 0 0 0 0 0 0 0 1 1 1 0 
000548	0 0 0 0 0 0 0 0 0 0 0 0 0 0 0 0 0 0 0 0 
000550	0 0 21 9 8 5 1 4 3 0 0 0 4 1 2 1 2 1 0 1 
000551	1 0 0 0 0 0 0 0 0 0 2 0 0 0 0 0 0 0 0 0 
000552	0 0 2 0 1 1 0 0 0 1 0 0 0 2 0 0 0 0 2 1 
000553	0 0 2 0 0 0 0 0 0 0 0 0 0 0 0 0 0 0 0 0 
000554	0 0 1 0 0 0 0 0 0 0 0 0 0 0 0 0 0 0 0 0 
000555	0 0 0 0 0 4 7 3 2 2 0 2 1 3 2 1 2 2 1 2 
000557	0 0 0 0 0 0 0 0 2 0 1 0 0 0 0 0 0 0 0 0 
000558	0 1 0 1 4 0 1 1 2 2 4 8 1 1 1 0 1 2 0 1 
000559	0 0 0 0 0 1 0 0 0 1 1 0 1 0 0 0 0 1 0 0 
000560	1 0 0 0 0 0 0 2 0 0 0 1 0 0 1 0 0 0 0 0 
000561	0 0 2 0 0 3 1 0 0 2 2 0 0 0 1 0 0 1 0 2 
000564	0 0 0 0 0 0 0 0 0 0 0 0 0 0 0 0 0 0 1 4 
000565	0 0 0 0 1 0 0 0 1 0 0 0 0 0 0 0 0 0 0 0 
000566	0 0 0 1 1 0 0 0 3 0 0 0 0 0 0 0 0 0 0 0 
000567	0 0 0 0 0 0 0 0 0 0 0 0 0 0 0 0 0 0 0 0 
000568	1 3 2 4 1 1 2 5 1 3 1 5 3 2 1 3 2 1 2 3 
000570	0 0 0 0 0 0 1 0 0 0 0 0 0 0 0 0 0 0 0 0 
000571	0 0 0 0 0 0 0 0 0 0 0 1 0 0 1 0 0 0 2 3 
000572	0 0 0 2 1 1 2 1 2 1 0 1 0 0 0 1 0 0 1 2 
000573	0 0 0 1 0 0 0 0 0 0 0 0 1 1 2 1 0 0 0 0 
000576	0 0 0 0 0 0 1 1 0 1 2 0 0 0 2 1 0 0 0 0 
000581	0 0 2 0 1 0 0 0 0 0 0 0 0 0 0 0 0 0 0 0 
000582	0 0 0 0 0 0 0 1 1 0 0 0 0 0 0 1 0 0 0 0 
000584	0 0 0 0 0 0 0 0 0 0 0 0 0 0 0 0 0 0 2 1 
000585	0 0 0 0 0 0 0 0 0 0 0 0 0 0 0 0 0 0 0 0 
000586	0 0 1 0 0 0 0 0 0 0 0 0 1 0 0 0 0 0 0 0 
000587	0 0 0 0 0 2 1 1 0 4 0 0 0 0 0 0 0 0 0 0 
000589	0 0 1 0 0 0 0 0 0 0 0 0 0 0 0 0 0 0 0 0 
000590	0 0 0 0 0 0 0 0 0 0 0 0 0 0 0 0 0 0 0 0 
000591	0 0 0 0 0 0 0 0 0 0 0 0 0 0 0 0 0 0 0 0 
000592	0 0 0 2 1 5 2 0 1 4 2 2 0 0 1 0 1 0 0 0 
000593	0 0 0 0 0 0 0 0 0 0 0 0 0 0 1 0 0 0 0 0 
000595	0 0 0 1 0 0 1 0 0 1 0 0 0 0 0 0 0 0 0 0 
000596	0 0 0 0 0 0 0 0 0 0 0 1 0 0 0 0 0 0 0 0 
000597	0 0 0 2 0 0 0 0 0 0 0 0 0 0 1 0 0 1 0 0 
000598	1 0 0 0 0 1 3 2 2 4 3 6 4 2 3 1 0 2 2 4 
000599	0 0 0 0 0 0 0 0 3 1 0 0 0 0 0 0 0 0 0 0 
000600	0 0 1 0 0 1 0 0 0 1 4 0 1 0 0 0 1 0 0 0 
000601	0 0 0 0 0 0 0 0 0 0 0 0 0 0 0 0 0 0 0 0 
000603	0 0 1 0 0 0 0 0 0 3 1 0 0 0 1 0 1 0 1 0 
000605	0 0 0 0 0 0 0 1 0 5 1 1 1 0 1 0 0 0 1 3 
000606	0 0 0 0 0 0 0 0 0 0 1 0 0 3 1 1 1 0 2 2 
000607	0 2 0 0 0 4 0 0 1 3 1 0 1 2 0 1 1 0 1 0 
000608	0 0 2 6 2 1 0 0 1 0 0 0 0 0 0 0 1 0 0 0 
000609	0 0 0 0 0 0 0 0 0 0 0 0 0 0 0 0 0 0 0 0 
000610	0 0 0 0 0 0 0 0 0 0 0 0 0 0 0 0 0 0 0 0 
000611	0 0 0 0 1 0 0 0 0 0 0 0 0 0 0 0 0 0 0 0 
000612	0 0 2 0 0 0 1 0 0 0 0 0 0 0 0 0 0 0 0 0 
000613	0 0 0 0 0 0 0 0 0 0 0 0 0 0 0 0 0 0 0 0 
000615	0 0 0 0 0 0 0 0 0 0 0 0 0 0 0 0 0 0 0 0 
000616	2 2 4 2 2 2 2 0 0 0 0 0 0 0 0 1 0 0 0 0 
000617	0 4 4 1 0 0 0 1 0 0 1 2 0 0 0 0 0 3 0 0 
000619	0 0 8 0 0 2 0 0 1 1 0 0 0 0 0 0 0 1 0 0 
000620	0 2 0 1 1 0 0 0 0 0 0 0 0 0 2 0 0 0 1 1 
000622	0 0 0 0 0 0 0 0 0 0 0 0 0 0 0 0 0 0 0 0 
000623	0 0 0 0 0 0 0 3 0 1 0 0 0 0 0 0 0 1 0 0 
000625	15 11 17 15 15 20 11 9 5 11 13 6 13 13 8 12 11 15 6 9 
000626	0 0 0 0 0 0 0 0 0 0 0 0 0 0 0 0 0 0 0 0 
000627	0 0 1 0 0 0 0 0 0 0 0 0 2 0 0 0 0 1 0 0 
000628	0 0 0 0 0 0 0 0 0 0 0 0 0 0 0 0 0 0 0 0 
000629	0 0 1 0 0 0 0 0 0 0 0 0 0 0 0 0 0 0 0 0 
000630	0 0 0 0 0 0 0 0 0 0 0 0 0 0 0 0 0 0 0 0 
000631	0 0 1 0 0 0 0 0 0 0 0 0 0 0 0 0 0 0 0 0 
000632	0 0 0 0 0 0 0 0 0 0 0 0 0 0 0 0 0 0 0 0 
000633	0 0 0 0 0 0 0 0 0 0 0 0 0 0 0 0 0 0 0 0 
000635	0 0 0 0 0 0 0 0 0 1 0 0 0 0 0 0 0 0 0 0 
000636	0 0 0 0 0 0 0 0 0 0 0 0 0 0 0 0 0 0 0 3 
000637	0 0 0 0 0 0 0 0 1 0 0 0 0 0 0 0 0 0 0 1 
000638	0 0 0 0 0 0 0 0 0 0 0 0 0 0 0 0 0 0 0 0 
000639	0 0 1 1 0 0 0 2 1 0 1 0 0 0 0 0 0 0 0 0 
000650	0 0 3 0 0 0 0 1 0 0 0 0 0 0 0 0 0 0 0 0 
000651	0 0 2 1 3 2 0 2 0 0 2 2 1 0 3 1 0 1 0 2 
000652	0 0 0 0 0 0 0 0 0 0 0 0 0 0 0 0 0 0 1 0 
000655	0 0 0 0 0 0 0 0 0 0 0 2 0 0 1 0 0 0 0 0 
000656	0 0 3 0 1 2 2 1 2 2 3 2 2 2 0 2 2 0 0 2 
000657	0 0 0 0 0 0 0 0 0 0 0 0 0 0 0 0 0 0 1 0 
000659	0 0 3 1 3 6 1 0 0 0 0 0 0 0 0 0 0 0 0 0 
000661	0 0 0 0 0 1 1 1 0 3 2 4 2 2 2 1 2 3 3 1 
000662	0 0 0 0 0 0 0 0 0 0 0 0 0 0 0 0 0 0 0 0 
000663	0 0 1 0 0 0 0 0 0 0 0 0 0 0 0 0 1 0 0 0 
000665	0 0 0 0 0 1 0 0 0 0 0 0 0 0 0 0 0 0 0 0 
000666	0 0 0 1 0 1 0 0 0 0 0 0 0 0 0 0 0 0 0 0 
000667	4 4 0 0 1 2 1 0 0 0 0 0 3 5 2 1 1 0 0 0 
000668	0 0 0 0 0 0 0 0 0 0 0 0 0 0 0 0 0 0 0 0 
000669	0 0 2 2 0 2 1 0 2 0 0 0 0 0 0 0 0 0 0 0 
000670	0 0 0 0 0 0 0 0 0 0 0 1 0 0 0 0 0 0 0 0 
000671	0 0 0 0 0 0 0 1 1 0 0 0 0 0 0 1 0 1 1 0 
000672	0 0 0 0 0 0 1 0 1 0 0 1 0 2 4 1 0 0 0 1 
000673	0 0 0 0 0 1 3 0 2 0 1 0 0 1 0 0 0 0 0 0 
000676	0 0 0 0 0 0 0 0 0 0 0 0 0 0 0 0 0 0 0 0 
000677	0 0 0 0 0 0 0 0 0 0 0 0 0 0 0 0 0 0 0 0 
000678	0 0 0 0 0 0 0 0 0 0 0 0 0 0 0 0 0 0 0 0 
000679	0 0 0 0 1 0 0 0 1 0 0 3 2 0 0 0 0 0 0 0 
000680	0 0 1 0 1 0 0 0 1 0 0 0 0 2 0 3 0 0 0 0 
000681	0 0 0 0 0 1 3 1 5 4 1 4 2 5 2 2 4 3 4 3 
000682	0 0 0 0 0 0 0 0 0 0 0 0 0 0 0 0 0 0 0 0 
000683	0 0 0 0 0 0 0 0 0 0 0 0 0 0 0 0 1 0 1 1 
000685	1 1 1 5 1 1 7 8 0 6 2 4 2 2 2 2 1 0 0 0 
000687	0 0 0 0 0 1 0 0 0 0 0 0 0 0 0 0 0 0 0 0 
000688	0 0 0 0 0 0 0 0 0 1 0 0 0 0 0 0 0 0 0 0 
000690	0 0 0 0 0 0 0 2 1 0 1 0 1 0 0 0 0 0 0 0 
000691	0 0 0 0 0 0 0 0 0 0 0 0 0 0 0 0 0 0 0 0 
000692	0 0 0 0 0 0 0 0 0 0 0 0 0 0 0 0 0 0 0 0 
000693	0 0 0 0 0 2 0 0 0 2 0 0 0 0 0 0 0 0 0 0 
000695	0 1 1 0 0 0 0 0 0 0 1 0 0 0 0 0 0 0 0 0 
000697	0 0 0 0 0 0 0 0 0 0 0 0 0 1 0 0 0 1 0 0 
000698	0 0 0 0 0 0 0 0 0 0 0 0 0 0 0 0 0 0 0 0 
000700	0 0 2 4 5 0 2 1 1 0 1 3 2 1 1 3 1 0 0 0 
000701	0 0 0 0 1 2 0 0 4 4 6 2 1 0 0 2 4 0 1 1 
000702	0 0 0 0 0 0 0 0 0 1 0 0 0 0 0 0 0 0 0 0 
000703	5 3 2 1 2 8 6 9 9 13 6 9 5 4 5 11 6 9 7 15 
000705	0 0 3 2 2 1 4 0 0 1 0 1 4 5 1 0 0 4 0 2 
000707	0 0 0 0 0 0 0 0 0 0 0 0 0 0 0 0 0 0 0 0 
000708	1 1 0 0 0 1 1 0 1 1 0 0 1 1 0 0 1 0 0 1 
000709	3 2 0 2 1 0 0 1 0 1 2 0 7 0 2 0 7 0 2 0 
000710	0 0 0 0 0 0 0 0 2 9 0 2 0 0 0 1 0 0 0 3 
000711	0 0 0 0 0 0 0 0 0 0 0 0 0 5 1 0 0 0 1 0 
000713	0 0 0 2 0 0 0 2 2 1 0 0 0 0 0 0 0 0 0 0 
000715	0 1 0 0 0 0 0 0 0 0 1 0 0 0 0 0 0 0 0 0 
000716	0 0 0 0 1 1 0 0 0 1 0 0 0 0 1 0 0 0 0 0 
000717	0 0 0 0 0 0 1 0 0 0 0 0 1 0 0 1 0 0 7 3 
000718	12 6 6 2 3 1 1 4 4 2 2 2 3 3 10 3 0 2 0 0 
000719	0 0 0 0 0 0 0 0 0 0 0 0 0 0 0 0 0 0 0 0 
000720	0 0 0 0 0 0 0 0 0 0 0 0 0 0 0 0 0 0 0 0 
000721	0 0 0 0 0 0 0 0 0 0 0 0 0 0 0 0 0 0 0 0 
000722	0 0 0 0 0 0 0 0 0 0 0 3 0 0 0 0 0 0 0 0 
000723	0 0 3 1 0 0 1 1 0 0 0 0 0 1 1 1 0 0 5 1 
000725	15 14 7 5 18 9 6 9 6 14 4 0 0 29 15 12 20 28 24 23 
000726	2 1 2 6 0 3 2 0 0 1 4 1 0 3 1 2 2 0 1 1 
000727	0 0 0 0 0 3 1 6 0 0 1 1 1 0 7 2 0 1 1 1 
000729	2 2 4 2 2 6 5 1 0 4 6 2 1 4 1 5 0 0 14 2 
000731	11 2 4 6 0 2 2 0 0 2 0 2 0 4 0 0 0 0 0 0 
000732	0 0 1 0 0 0 0 0 0 1 0 0 0 0 0 1 0 0 0 0 
000733	0 0 0 0 0 0 0 0 0 0 0 0 0 0 0 0 0 0 0 0 
000735	0 0 0 0 0 0 3 1 0 0 0 4 2 0 0 0 0 0 1 0 
000736	0 0 0 0 0 0 0 0 0 0 0 0 0 0 0 0 0 0 0 0 
000737	0 0 2 0 0 0 0 0 0 0 0 0 0 0 0 0 0 0 0 0 
000738	0 0 0 0 0 0 0 0 0 0 1 0 0 0 1 0 0 1 1 1 
000739	0 1 0 0 0 0 0 0 0 0 0 0 0 1 1 0 1 1 1 0 
000751	0 0 0 0 0 0 0 0 0 0 0 0 0 0 0 0 0 0 0 0 
000752	0 0 0 0 0 0 0 0 0 0 0 0 0 0 0 0 0 0 0 0 
000753	0 0 0 0 0 0 0 0 0 0 0 0 0 0 0 1 0 0 0 0 
000755	0 0 0 0 0 0 0 0 0 0 0 0 0 0 0 0 0 0 0 0 
000756	0 0 0 1 0 0 2 0 1 0 0 0 0 3 0 0 0 0 0 1 
000757	0 0 0 0 0 1 0 0 1 1 1 0 1 0 0 4 1 1 0 0 
000758	0 0 0 0 0 0 0 0 0 0 0 0 0 0 0 0 0 0 0 0 
000759	1 1 1 2 3 1 0 2 1 1 1 1 2 1 4 4 4 3 2 1 
000760	0 0 0 0 0 0 0 0 0 0 1 0 0 0 0 0 0 0 0 0 
000761	0 0 0 0 0 0 0 0 0 1 1 0 0 0 0 0 0 0 1 1 
000762	0 0 0 0 0 0 0 0 0 0 0 0 0 0 0 0 0 0 0 0 
000766	0 0 0 0 0 0 0 0 0 0 0 0 0 0 0 0 0 0 0 0 
000767	0 0 0 0 0 0 0 0 0 0 0 0 0 0 0 0 0 0 0 0 
000768	1 1 2 0 2 0 3 5 1 1 2 1 0 0 4 2 2 3 5 5 
000777	0 0 0 1 1 0 3 3 0 2 0 0 2 0 0 0 0 0 2 1 
000778	0 0 0 0 0 0 0 0 0 0 0 0 0 1 1 0 0 0 0 0 
000779	0 0 0 0 0 0 0 0 0 0 0 0 0 0 0 0 0 0 0 0 
000780	0 0 0 0 0 0 0 0 0 0 0 0 0 0 0 0 0 0 0 0 
000782	0 0 0 0 0 0 0 0 1 0 1 1 0 1 0 1 0 1 0 0 
000785	0 1 2 0 3 2 1 0 1 1 1 2 0 0 2 2 1 1 0 0 
000786	0 0 8 8 3 12 9 0 4 4 0 7 4 7 5 2 6 6 3 17 
000788	0 2 0 0 0 1 1 0 0 0 0 0 0 0 0 0 0 0 0 0 
000789	0 0 1 3 2 0 0 1 0 0 0 0 0 0 1 2 0 1 1 0 
000790	1 1 1 2 0 1 2 2 1 1 0 0 0 0 0 1 0 0 0 0 
000791	0 0 0 0 0 0 0 2 2 0 0 0 0 0 1 0 0 0 0 0 
000792	0 0 1 0 0 0 0 0 1 0 1 0 0 0 1 2 1 0 2 1 
000793	0 0 0 0 0 2 1 0 2 1 0 0 0 0 0 0 0 0 0 0 
000795	0 0 0 0 0 0 0 0 0 0 0 0 0 0 0 0 0 1 0 0 
000796	0 0 0 0 0 0 0 0 0 0 0 0 0 0 0 0 0 0 1 1 
000797	0 0 0 0 0 0 0 0 0 0 0 0 1 0 0 2 0 0 0 1 
000798	0 0 0 0 0 0 0 0 0 0 0 0 0 0 0 0 0 0 0 0 
000799	0 0 0 0 0 0 0 0 0 0 0 0 0 1 0 0 0 1 0 0 
000800	0 0 0 1 0 0 0 1 0 0 0 0 0 1 1 4 2 1 1 1 
000801	1 1 0 1 3 7 9 1 1 1 2 1 3 3 3 2 0 2 1 0 
000802	0 0 2 3 0 2 0 3 0 4 5 0 4 3 5 3 3 1 2 4 
000803	0 0 0 0 0 0 0 0 0 0 0 0 0 0 0 0 0 0 0 0 
000806	0 0 0 0 0 0 0 0 0 0 0 0 0 0 0 0 0 0 0 0 
000807	0 0 0 0 0 0 0 0 0 2 1 0 2 3 2 0 0 1 0 0 
000809	0 0 0 0 0 0 0 0 0 0 0 0 0 0 0 0 0 0 0 0 
000810	0 0 0 0 0 0 0 2 3 8 5 1 1 1 2 1 2 0 1 0 
000811	1 4 1 4 3 3 0 0 1 0 0 2 3 1 13 5 10 11 2 0 
000812	0 0 0 0 4 0 1 0 0 0 0 0 0 0 0 0 0 0 0 0 
000813	0 0 0 0 0 0 0 0 0 1 0 0 0 0 1 0 0 1 1 1 
000815	0 0 0 0 0 0 0 0 0 0 0 2 0 0 0 2 0 1 0 0 
000816	0 0 3 4 2 0 3 3 0 0 0 0 0 0 1 0 0 0 0 0 
000818	0 0 0 0 0 0 0 0 0 0 0 0 0 0 0 0 0 0 0 0 
000819	0 0 0 0 0 0 0 0 0 0 0 0 0 0 0 0 0 0 0 0 
000820	0 0 0 0 0 0 0 0 0 0 0 0 0 0 0 1 1 1 1 0 
000821	0 0 0 0 0 0 3 2 0 1 0 0 0 0 3 0 0 1 0 0 
000822	0 0 0 0 0 0 0 0 0 0 0 0 1 0 0 1 0 1 0 1 
000823	0 1 0 0 0 2 0 0 0 1 0 0 0 0 1 1 1 2 0 1 
000825	0 0 11 3 1 3 0 0 0 2 0 3 5 3 5 4 8 4 2 1 
000826	3 4 3 4 3 0 0 4 2 0 1 1 0 4 0 0 0 0 0 4 
000828	0 1 0 0 0 0 0 3 0 0 0 0 0 1 0 0 0 1 0 0 
000829	0 0 6 3 4 1 0 0 1 0 0 0 1 2 0 0 0 0 0 0 
000830	7 1 0 0 3 2 6 4 2 1 1 1 0 2 0 4 4 5 8 5 
000831	0 4 1 0 0 3 1 0 0 1 0 1 0 1 1 0 1 3 7 0 
000833	0 0 0 0 0 0 0 0 0 0 0 0 0 1 1 0 0 0 2 0 
000835	0 1 0 1 0 0 0 0 0 5 3 0 3 0 4 0 0 0 1 0 
000836	0 0 0 0 0 0 0 0 0 0 0 0 0 0 1 0 0 0 0 0 
000837	0 0 1 1 1 1 1 1 4 2 1 1 0 1 0 0 0 0 0 3 
000838	0 0 0 0 0 0 0 0 0 0 0 0 0 0 1 0 0 0 0 0 
000839	0 0 0 0 0 0 0 0 0 0 1 3 1 1 1 0 0 0 1 1 
000848	0 0 0 0 0 1 0 0 0 0 0 0 0 0 0 0 0 0 0 0 
000850	0 0 2 0 0 0 0 0 0 0 0 0 0 0 0 0 0 1 0 0 
000851	0 0 4 7 5 1 4 1 0 1 0 0 0 1 0 0 0 0 3 1 
000852	2 2 1 1 1 0 0 0 1 0 2 0 0 1 0 4 1 4 2 1 
000856	0 0 0 0 0 0 1 0 1 0 1 0 0 0 0 0 0 0 0 0 
000858	0 0 0 0 1 1 1 1 0 1 0 1 2 0 0 1 0 0 0 2
000859	0 0 0 0 0 0 0 0 0 0 0 0 0 0 0 2 0 0 0 0 
000860	0 0 1 3 3 1 1 1 0 1 2 1 0 1 1 1 0 1 0 0 
000861	1 5 2 2 5 3 3 4 5 4 2 0 0 2 4 0 0 2 0 0 
000862	0 0 1 0 0 2 1 0 0 0 0 0 0 0 0 0 0 0 0 0 
000863	0 0 5 1 2 6 1 9 0 0 5 0 9 1 1 2 4 3 1 1 
000868	1 0 3 0 0 0 0 0 0 0 0 0 0 0 0 0 0 0 1 0 
000869	0 0 1 1 0 0 0 0 0 0 0 0 1 0 0 0 0 0 0 0 
000875	0 0 0 0 0 0 0 0 0 0 0 0 0 0 1 0 0 0 0 0 
000876	0 0 0 0 0 0 0 0 1 0 0 0 1 0 0 6 5 3 5 4 
000877	0 1 3 1 0 4 1 0 0 6 2 1 0 0 0 0 0 4 0 1 
000878	0 0 0 0 0 0 0 0 0 0 0 0 0 0 0 0 0 0 0 0 
000880	3 9 3 3 1 6 5 1 0 1 0 0 1 0 1 1 0 0 1 0 
000881	0 0 0 0 0 0 0 0 0 0 0 0 0 0 0 0 0 1 1 0 
000882	0 0 0 0 0 1 0 1 1 0 0 1 0 1 0 0 0 0 0 0 
000883	0 1 1 1 0 3 2 0 0 1 0 1 2 0 1 1 1 3 5 0 
000885	0 0 0 0 0 0 0 0 0 0 0 0 0 0 0 0 1 0 0 0 
000886	0 0 1 1 0 0 0 0 0 0 0 0 0 0 0 0 0 0 0 0 
000887	2 0 5 0 0 0 0 1 1 1 0 0 2 2 3 2 2 1 1 1 
000888	0 0 0 0 0 0 0 0 0 0 0 0 0 0 0 0 0 0 0 0 
000889	0 0 0 0 0 0 0 0 0 1 0 0 0 0 0 0 0 0 0 0 
000890	0 0 0 0 0 0 0 0 0 0 0 0 0 0 0 0 0 0 0 0 
000892	0 0 0 0 0 0 0 0 0 0 0 0 0 0 0 0 0 0 0 0 
000893	2 0 2 2 0 0 0 0 0 0 1 0 0 0 0 0 0 0 0 0 
000895	1 4 1 1 4 2 1 2 0 3 2 6 1 3 3 3 0 7 4 3 
000897	0 0 0 0 0 0 0 0 0 0 0 0 0 0 0 0 0 0 0 0 
000898	2 1 1 1 0 1 0 0 0 5 0 3 1 7 6 11 3 13 4 4 
000899	0 0 3 0 0 0 0 0 0 2 0 1 2 1 0 1 0 0 0 0 
000900	0 0 0 1 1 1 0 8 3 3 0 2 0 0 1 1 0 0 2 0 
000901	0 0 3 0 0 0 0 0 0 0 0 8 0 0 0 0 0 0 0 0 
000902	0 0 0 0 0 0 2 3 2 1 0 0 0 0 1 0 0 2 1 1 
000903	0 0 2 1 0 2 3 2 1 1 2 0 1 2 8 5 2 3 2 3 
000905	0 0 0 0 1 0 0 0 0 0 0 0 0 0 0 0 0 0 0 0 
000906	0 0 0 0 1 1 0 0 0 0 1 1 1 0 0 2 0 0 0 0 
000908	0 0 0 0 0 0 0 0 0 0 0 0 0 0 1 0 0 1 0 0 
000909	0 0 0 0 0 1 1 1 1 2 0 0 1 1 2 1 1 0 1 1 
000910	3 3 0 0 0 3 3 3 0 2 1 1 1 0 0 0 0 0 2 2 
000911	0 0 0 0 0 3 3 1 3 1 1 1 1 1 1 1 0 0 0 1 
000912	0 0 0 0 0 0 0 0 0 0 0 0 0 0 0 0 0 0 0 0 
000913	0 0 1 0 0 1 0 0 0 0 0 0 0 1 0 0 0 1 0 0 
000915	2 2 0 1 0 2 0 0 1 0 0 0 0 1 0 0 0 0 0 0 
000917	0 0 11 2 4 1 2 2 1 1 2 1 1 2 1 2 2 0 1 1 
000918	1 0 0 0 0 0 0 0 0 0 0 0 0 0 0 0 0 0 0 0 
000919	0 0 0 0 0 0 0 1 0 0 0 0 0 0 0 0 0 0 0 0 
000920	0 6 10 4 0 4 2 4 0 3 2 4 0 2 5 3 1 3 0 0 
000921	0 0 1 1 1 3 0 0 0 0 0 0 0 1 1 0 0 1 0 0 
000922	0 0 0 0 0 0 0 0 0 0 0 0 0 0 0 0 0 2 0 0 
000923	0 0 0 0 0 0 0 0 0 0 0 0 0 0 0 0 0 0 0 0 
000925	0 0 0 0 0 0 0 0 1 0 2 0 0 8 1 0 2 0 1 1 
000926	5 2 2 2 0 2 2 2 3 3 0 4 1 1 3 2 3 1 2 1 
000927	3 2 2 1 1 1 1 1 0 0 0 0 0 0 0 0 0 0 0 0 
000928	0 0 0 0 0 0 0 0 0 0 0 0 0 0 1 3 3 2 4 3 
000929	0 0 0 0 0 0 0 0 0 0 0 0 0 0 0 0 0 0 0 0 
000930	0 0 0 0 0 0 0 0 0 0 0 0 0 0 0 0 0 0 0 0 
000931	0 0 7 2 0 2 2 3 1 0 0 0 1 4 1 1 1 0 0 0 
000932	0 0 5 2 3 6 11 0 1 3 0 3 3 2 3 2 1 0 8 10 
000933	0 0 0 0 0 0 4 2 0 0 2 4 0 0 2 0 2 12 10 0 
000935	0 0 0 0 0 0 1 0 0 0 0 0 0 0 0 0 0 0 1 0 
000936	0 0 0 1 0 0 0 5 1 0 0 4 3 1 0 0 0 0 1 1 
000937	3 1 0 0 0 1 0 0 0 0 1 1 1 2 0 0 0 0 2 0 
000938	0 0 6 9 5 9 6 2 1 1 6 6 4 2 3 4 5 3 3 10 
000939	0 0 0 8 4 2 3 0 0 0 1 1 0 0 0 2 0 0 0 0 
000948	0 0 2 0 0 1 2 4 2 2 0 0 0 0 0 0 0 0 0 0 
000949	0 0 5 3 0 1 1 1 1 2 0 0 1 2 4 3 2 3 1 1 
000950	0 0 0 0 0 0 0 0 0 0 0 0 0 0 0 0 0 0 0 1 
000951	5 4 2 4 2 1 2 2 2 0 0 0 2 1 5 3 4 4 2 5 
000952	0 0 0 0 0 0 0 0 0 0 0 0 1 0 0 0 4 0 0 0 
000953	0 0 0 0 0 0 0 1 0 0 0 0 0 0 0 0 0 0 0 0 
000955	0 0 0 0 0 0 0 0 0 0 0 0 0 0 0 0 0 0 0 0 
000957	0 0 0 3 1 0 0 1 1 0 0 0 0 1 1 0 0 1 0 1 
000958	0 0 0 0 0 0 2 0 0 2 0 0 2 0 0 0 1 0 2 0 
000959	0 0 0 0 0 0 0 0 0 0 0 0 0 1 2 0 2 1 2 2 
000960	2 0 0 0 1 1 0 0 0 4 0 0 0 0 3 1 4 2 0 4 
000961	0 0 2 0 0 0 2 1 0 0 1 1 0 0 1 0 0 1 1 0 
000962	0 0 3 0 0 0 0 0 0 0 0 0 0 0 0 0 0 0 0 0 
000963	0 0 3 2 2 0 3 1 2 2 1 0 1 3 1 4 1 3 3 4 
000965	0 0 0 0 0 0 0 0 0 0 0 0 0 0 0 0 0 0 0 0 
000966	0 1 0 2 0 0 0 0 0 3 0 1 0 0 1 0 0 0 1 0 
000967	0 0 0 0 0 0 0 0 0 2 0 0 1 0 0 0 0 0 0 0 
000968	2 0 1 0 0 2 0 0 0 0 0 0 0 0 6 4 10 5 4 7 
000969	4 2 0 2 2 7 4 3 0 2 3 3 0 4 4 1 1 0 1 1 
000970	2 4 2 7 5 4 7 1 1 2 4 1 1 2 6 5 3 3 2 0 
000971	0 0 0 0 0 0 0 0 0 0 1 0 2 0 0 0 2 0 0 0 
000972	0 0 0 0 0 0 0 0 0 0 1 0 0 0 0 0 0 0 0 0 
000973	0 0 2 0 0 1 0 0 1 3 1 0 1 2 1 0 0 0 0 0 
000975	0 0 1 0 0 1 1 0 0 0 0 0 0 0 0 2 0 1 0 2 
000976	0 0 0 0 0 0 0 0 0 0 0 0 0 0 0 0 0 0 0 0 
000977	0 0 4 6 0 2 2 1 0 1 1 0 0 1 0 2 0 1 0 3 
000978	2 0 0 0 0 1 2 1 0 0 1 3 0 0 5 0 0 1 0 1 
000979	0 0 0 0 0 0 0 0 0 0 0 0 0 0 0 0 0 0 0 0 
000980	0 0 0 0 0 0 0 0 0 0 0 0 0 0 0 0 0 0 0 0 
000981	0 0 0 0 0 1 0 1 0 1 0 0 0 2 0 0 0 3 2 0 
000982	0 1 2 3 3 0 2 0 0 0 0 0 0 0 0 0 0 0 0 0 
000983	0 0 0 1 0 1 0 1 0 0 0 0 0 0 0 0 0 0 0 0 
000985	0 0 0 0 0 0 0 0 0 0 0 0 0 0 0 0 0 0 0 0 
000987	0 0 0 0 0 0 0 0 0 0 0 0 0 0 0 1 2 1 2 2 
000988	0 2 0 5 3 3 3 6 0 5 1 2 3 3 1 3 2 5 5 1 
000989	1 1 2 0 0 0 0 2 0 0 0 0 0 0 0 0 0 2 0 0 
000990	0 0 4 0 1 1 0 1 0 0 0 0 0 1 0 2 0 1 0 3 
000993	0 0 0 0 0 0 0 0 0 0 0 0 0 0 0 0 0 0 0 0 
000995	0 0 0 0 0 0 0 0 0 0 0 0 0 1 0 0 0 0 0 0 
000996	0 0 0 0 0 0 0 0 0 0 0 0 0 0 0 0 0 0 0 0 
000997	2 1 2 10 9 5 5 7 2 2 4 3 0 0 2 0 3 1 1 1 
000998	0 0 4 9 1 3 0 1 0 0 0 0 1 0 1 0 1 1 0 1 
000999	7 11 3 8 6 3 9 7 7 6 10 3 2 1 6 7 5 3 3 7 
001696	0 0 0 0 0 0 0 0 0 0 0 0 0 0 0 0 0 0 0 0 
001896	0 0 0 0 0 0 0 0 0 0 0 0 0 0 0 0 0 0 0 0 
002001	0 2 1 0 0 2 1 0 1 1 0 0 2 1 0 0 0 3 1 2 
002002	0 0 0 0 1 2 0 0 0 1 1 1 0 1 1 1 1 1 0 0 
002003	0 2 3 0 1 0 2 1 0 1 0 5 0 3 1 2 0 2 4 2 
002004	0 0 0 3 4 0 0 1 0 0 1 0 1 1 1 1 0 0 0 1 
002005	0 0 1 0 1 1 0 0 0 0 0 0 0 0 0 0 0 0 0 0 
002006	1 8 5 8 4 7 5 0 1 5 0 9 2 9 2 3 0 0 0 0 
002007	0 0 0 1 0 1 0 0 0 1 0 0 0 1 1 0 0 1 0 0 
002008	2 1 4 5 3 2 2 4 3 1 0 2 3 14 7 5 1 13 15 13 
002009	0 0 11 2 0 4 6 0 0 2 4 0 5 1 4 1 0 3 0 0 
002010	0 0 0 0 0 1 0 0 0 0 0 0 0 2 1 1 0 1 0 0 
002011	0 1 0 0 1 0 1 0 0 0 1 1 2 0 0 1 0 0 2 1 
002012	0 1 0 0 1 0 0 1 0 1 0 1 0 0 0 0 0 0 0 1 
002013	0 0 0 5 2 0 0 0 0 0 0 0 2 2 1 0 3 1 8 6 
002014	2 0 0 1 0 0 1 3 0 0 0 0 0 0 0 1 0 0 0 0 
002015	0 0 0 0 0 0 0 0 0 0 0 0 0 0 0 0 0 0 0 0 
002016	1 0 0 0 0 0 3 3 4 0 0 7 7 5 1 0 0 0 0 0 
002017	0 3 1 3 1 2 1 0 0 0 0 1 0 0 3 0 0 0 0 0 
002018	0 0 0 0 0 0 0 0 0 0 0 0 0 1 0 0 0 0 0 0 
002019	0 1 1 0 1 0 1 1 0 1 1 2 2 1 2 1 0 0 2 2 
002020	1 2 3 4 2 2 2 0 4 0 5 0 0 0 0 1 0 0 0 1 
002021	1 0 0 0 1 1 1 0 0 0 1 2 1 0 1 0 0 0 0 0 
002022	3 2 3 3 3 1 1 1 0 3 1 1 1 3 4 3 3 4 5 1 
002023	0 2 2 2 2 2 2 2 2 2 0 0 0 0 2 0 0 0 0 0 
002024	15 11 21 25 17 19 14 15 7 17 8 14 7 6 16 9 19 9 15 25 
002025	0 0 0 1 1 1 2 0 0 1 0 1 0 1 0 0 0 0 0 0 
002026	0 1 0 0 2 8 0 0 0 1 1 5 5 3 0 2 0 0 0 0 
002027	0 0 0 0 0 0 1 1 0 0 0 0 0 3 0 1 0 0 2 0 
002028	1 0 2 2 2 1 3 1 1 3 3 1 1 2 1 5 2 1 0 0 
002029	1 2 0 1 0 1 1 1 0 1 1 0 0 1 1 0 0 1 0 1 
002030	4 18 18 24 12 24 8 4 4 10 2 10 2 4 0 8 6 2 4 4 
002031	0 3 4 0 2 2 2 3 3 3 0 1 1 0 2 2 1 0 2 1 
002032	0 0 0 0 0 0 0 0 0 0 0 0 0 0 1 2 0 0 1 0 
002033	2 2 4 1 2 2 1 2 2 1 2 2 5 7 3 2 2 3 3 0 
002034	0 0 0 0 0 3 3 0 0 1 0 0 2 1 0 0 0 0 0 0 
002035	13 3 3 3 5 4 0 5 0 1 7 2 5 5 1 6 4 3 4 7 
002036	0 0 0 0 0 0 0 0 0 0 0 0 0 0 1 0 0 0 1 0 
002037	1 2 2 0 0 0 2 0 0 1 1 0 0 0 1 1 0 1 0 0 
002038	1 5 2 1 1 1 0 1 0 2 1 0 3 1 2 1 1 0 0 2 
002039	1 2 1 0 0 1 1 3 0 0 0 1 0 1 0 0 0 0 0 0 
002040	0 0 0 0 0 0 0 0 0 0 0 0 0 0 0 0 0 0 0 0 
002041	0 0 0 0 0 0 0 1 0 0 0 0 0 0 0 0 0 0 0 0 
002042	0 0 0 0 0 0 0 0 0 0 0 0 0 0 1 1 1 0 1 1 
002043	1 0 0 0 6 4 1 0 0 2 0 2 3 8 3 1 0 8 6 6 
002044	0 1 0 0 0 0 0 0 0 0 0 0 0 0 1 1 0 1 1 1 
002045	10 4 16 2 2 4 8 8 2 5 4 4 4 4 1 1 0 5 1 0 
002046	0 2 1 2 1 1 1 0 1 0 1 1 0 0 2 3 4 0 0 0 
002047	0 0 0 6 0 0 0 1 0 3 0 0 0 1 0 1 0 1 0 0 
002048	1 4 0 0 2 4 2 0 1 1 0 0 0 0 0 0 1 1 0 1 
002049	0 2 3 0 2 3 3 1 1 0 0 0 0 0 0 0 0 0 1 1 
002050	4 2 4 0 0 2 1 0 1 1 0 1 3 1 1 0 2 2 1 4 
002051	2 5 1 4 0 4 1 1 2 2 0 2 3 2 3 3 0 3 2 0 
002052	3 6 6 6 2 4 6 1 4 1 0 1 0 0 0 0 0 0 0 0 
002053	0 0 1 0 1 2 1 1 1 3 0 0 0 7 0 7 3 2 0 5 
002054	1 1 3 0 3 2 2 4 3 0 2 2 0 1 1 1 0 0 1 0 
002055	1 5 11 5 3 1 5 6 15 11 8 7 16 4 5 10 3 1 8 0 
002056	1 3 3 4 3 3 1 3 0 4 4 1 5 4 4 1 4 4 2 2 
002057	0 2 0 0 0 0 0 2 0 0 0 8 4 0 0 2 2 0 0 0 
002058	0 0 0 2 0 2 0 3 0 4 2 0 0 1 1 4 0 0 0 0 
002059	0 0 0 0 0 0 0 0 0 0 0 0 0 0 0 0 0 0 0 0 
002060	0 0 1 0 1 4 4 3 2 3 2 1 1 3 1 4 5 0 1 3 
002061	0 1 1 3 0 1 1 0 0 1 0 1 3 1 3 4 3 2 1 2 
002062	0 0 0 6 0 1 2 0 0 2 2 0 0 4 0 0 0 1 1 0 
002063	5 2 1 2 1 2 1 2 6 5 0 2 0 1 2 5 1 0 2 0 
002064	4 2 1 4 1 2 0 0 1 0 0 0 1 0 0 3 1 0 1 2 
002065	0 0 0 1 3 0 0 1 2 3 1 0 0 1 0 0 3 0 0 1 
002066	0 0 0 0 1 2 1 3 1 1 0 1 1 1 0 1 2 0 2 0 
002067	1 0 0 2 0 0 1 0 0 1 1 2 0 2 0 2 0 2 2 0 
002068	0 2 0 0 0 1 0 0 0 0 0 0 0 0 0 0 0 0 0 0 
002069	2 2 2 8 4 4 3 2 0 3 2 1 1 1 4 3 1 5 3 1 
002070	1 3 4 1 5 1 2 0 4 1 0 1 3 0 3 4 1 0 0 0 
002071	0 0 0 0 0 1 0 0 1 1 7 0 1 2 0 0 5 0 0 0 
002072	0 0 0 0 0 0 0 0 0 0 0 0 0 0 0 0 0 0 0 0 
002073	2 7 5 1 0 5 4 5 0 1 4 1 3 3 1 2 2 1 0 0 
002074	0 0 0 0 0 0 0 0 0 0 2 2 4 3 3 1 2 1 1 3 
002075	0 0 0 0 2 1 0 1 0 1 0 0 0 0 0 0 0 0 1 0 
002076	0 0 0 0 0 0 0 1 1 0 0 0 0 0 0 0 0 0 1 1 
002077	0 0 0 0 0 0 0 0 0 1 0 0 0 0 0 0 1 1 0 0 
002078	2 0 0 2 2 1 0 0 1 0 0 1 3 3 1 1 3 0 2 1 
002079	1 0 2 1 0 4 0 0 0 3 1 0 0 4 2 1 0 0 0 0 
002080	1 2 2 2 2 0 0 0 1 0 0 4 1 2 1 3 6 5 1 3 
002081	2 7 5 2 5 3 5 3 5 0 9 2 0 2 1 1 0 0 1 2 
002082	2 0 0 0 0 0 1 2 1 4 1 0 0 0 0 0 0 0 0 0 
002083	0 0 2 0 0 0 0 0 0 0 0 0 0 0 0 3 0 0 0 0 
002084	2 1 6 3 0 1 3 3 3 3 7 4 0 5 8 14 14 30 7 0 
002085	0 3 5 1 0 2 5 1 2 1 1 1 0 2 0 0 0 0 2 1 
002086	0 0 0 0 0 0 1 1 0 0 0 0 1 0 0 0 0 0 0 0 
002087	0 0 0 0 0 0 0 0 0 0 0 0 0 0 0 0 0 0 0 0 
002088	1 0 0 1 0 0 0 0 0 0 1 1 0 1 2 3 0 1 3 0 
002089	2 2 2 2 0 0 2 2 4 0 4 2 0 0 6 14 4 2 2 0 
002090	0 2 6 5 11 10 4 10 1 9 1 5 5 9 3 7 7 7 7 0 
002091	3 5 2 1 2 4 2 2 0 2 0 1 1 4 1 5 3 4 4 4 
002092	4 1 1 1 2 2 3 1 0 4 2 1 1 1 2 1 0 0 7 0 
002093	3 4 1 3 2 4 2 3 1 0 1 2 3 1 3 0 1 2 2 3 
002094	0 0 0 0 2 3 0 0 0 0 0 0 0 0 0 0 0 0 0 0 
002095	0 0 0 1 2 0 0 0 5 1 0 2 5 1 0 0 5 3 3 7 
002096	0 0 0 1 1 0 1 0 0 0 1 0 0 0 1 0 0 0 0 0 
002097	0 3 1 1 0 0 0 0 0 1 0 1 1 1 2 0 0 0 0 1 
002098	1 1 0 0 0 1 5 4 0 1 0 0 1 0 0 0 0 0 1 1 
002099	0 1 3 0 0 3 2 0 0 1 1 1 1 0 1 2 1 2 1 1 
002100	0 0 0 0 4 0 0 1 0 2 3 1 0 0 4 1 2 1 1 0 
002101	2 2 0 1 0 5 10 3 0 0 1 0 0 1 2 3 0 1 2 0 
002102	0 0 0 0 0 0 0 1 0 0 1 0 0 0 2 0 0 0 0 0 
002103	0 0 0 0 0 0 1 4 2 2 0 0 1 1 4 1 0 0 0 0 
002104	0 1 1 0 0 1 0 0 2 0 0 0 0 0 0 0 0 0 0 1 
002105	0 0 0 0 0 2 6 8 1 0 2 8 0 6 8 8 1 0 1 1 
002106	6 13 6 10 5 4 5 2 2 1 0 2 0 6 9 14 4 10 6 2 
002107	0 0 0 0 0 0 0 0 0 0 0 0 0 0 0 0 0 0 0 0 
002108	0 0 0 1 4 8 3 0 2 5 6 7 5 3 5 3 3 2 3 3 
002109	0 2 0 1 0 0 0 0 0 0 0 0 0 0 0 0 0 4 2 0 
002110	0 0 0 1 0 0 2 0 0 0 0 1 1 0 2 0 0 1 0 5 
002111	0 4 3 5 0 4 0 2 0 0 2 3 0 7 1 2 0 0 3 0 
002112	0 0 0 0 0 1 0 0 0 1 0 0 0 1 0 0 1 1 1 0 
002113	0 0 0 0 0 0 0 0 0 0 0 0 0 0 0 0 0 0 0 0 
002114	0 0 0 0 0 0 0 0 0 0 0 0 0 0 0 0 0 0 0 0 
002115	0 0 5 1 1 6 0 2 2 0 0 3 0 1 0 2 0 0 0 1 
002116	1 3 6 2 1 1 2 2 0 0 3 1 1 3 1 1 0 2 0 1 
002117	4 5 4 5 1 1 2 2 1 4 1 3 4 0 0 0 0 0 2 1 
002118	0 0 0 0 0 0 1 0 0 0 0 0 0 0 0 0 0 0 0 0 
002119	0 0 0 1 0 3 0 1 0 0 0 0 0 0 0 1 0 0 0 1 
002120	0 0 0 0 1 0 3 1 0 1 1 3 0 1 0 0 0 0 0 0 
002121	1 4 2 0 3 3 3 2 2 2 2 3 1 2 2 2 2 1 5 1 
002122	0 0 0 0 0 0 0 0 0 0 0 0 0 0 0 0 0 0 0 1 
002123	5 0 2 0 2 0 1 1 0 0 1 2 1 1 1 2 0 0 1 1 
002124	0 0 0 2 1 0 1 0 2 0 1 0 3 4 1 2 1 5 2 0 
002125	0 0 0 0 1 0 1 0 3 6 4 6 2 5 1 1 1 2 0 0 
002126	0 2 2 4 2 0 3 1 1 1 2 0 0 2 1 5 0 0 1 9 
002127	0 0 0 0 0 0 0 0 0 0 0 2 0 1 1 1 0 0 0 1 
002128	0 0 0 0 0 0 0 0 0 0 1 0 0 0 0 0 0 0 1 1 
002129	0 0 0 2 0 2 0 0 0 0 0 2 0 0 0 0 0 0 1 3 
002130	0 0 0 2 4 6 1 0 1 1 1 1 2 3 1 1 0 2 2 0 
002131	0 1 0 0 3 2 1 0 1 4 0 1 1 0 0 2 0 1 2 0 
002132	0 2 2 3 0 0 0 0 0 0 0 2 0 0 6 2 0 0 2 2 
002133	4 4 4 0 4 1 5 3 6 3 3 16 9 6 4 3 1 2 0 2 
002134	0 0 0 0 0 0 0 0 0 0 0 0 0 0 0 0 0 0 0 0 
002135	2 0 1 0 0 0 1 0 0 0 0 0 0 3 3 3 5 2 5 0 
002136	0 1 2 0 0 0 1 0 0 1 0 2 0 3 0 1 0 1 0 0 
002137	0 2 1 0 0 1 2 2 0 0 0 5 5 7 4 2 3 2 0 3 
002138	0 0 0 0 0 4 2 3 3 4 10 5 8 3 8 6 1 6 4 7 
002139	1 4 4 2 0 6 5 3 1 2 1 1 1 1 3 2 1 7 3 6 
002140	6 7 7 9 3 5 7 3 2 3 1 1 1 5 3 3 8 5 2 0 
002141	1 0 0 0 0 0 0 0 0 0 0 0 0 0 0 0 0 0 1 2 
002143	0 0 0 0 0 0 0 0 0 0 1 0 0 0 0 0 0 0 0 0 
002144	0 1 2 0 5 2 6 2 4 4 0 1 0 0 0 2 0 1 1 0 
002145	0 0 0 0 0 0 0 0 0 0 0 0 0 0 0 0 0 0 0 0 
002146	4 6 5 2 0 7 3 0 0 2 2 0 1 1 2 1 1 2 0 0 
002147	0 0 1 0 2 2 3 0 0 1 0 0 0 0 0 0 0 0 0 0 
002148	1 1 0 1 2 0 0 0 0 0 0 0 0 0 0 2 0 0 0 0 
002149	6 1 0 3 0 2 0 1 0 0 0 0 1 1 3 2 1 0 0 2 
002150	0 1 0 0 0 0 1 0 0 2 0 0 0 0 1 1 0 0 0 0 
002151	1 1 0 0 0 0 2 4 0 2 0 0 0 3 0 0 0 1 0 3 
002152	1 3 7 13 2 9 6 7 0 8 5 1 0 6 2 3 3 7 5 6 
002153	0 3 2 2 2 8 1 4 0 4 4 4 1 4 3 3 0 3 6 4 
002154	1 0 0 2 4 1 0 1 6 3 5 1 2 0 2 0 0 0 0 0 
002155	2 0 0 1 0 2 0 1 0 0 1 1 1 3 1 0 1 0 0 0 
002156	0 4 1 2 1 2 2 4 2 1 2 2 2 3 1 2 0 0 0 1 
002157	2 0 0 2 0 1 2 0 1 4 1 3 0 0 2 2 0 0 1 2 
002158	2 4 4 4 2 3 3 4 5 6 4 3 1 7 7 7 4 3 2 3 
002159	0 1 0 3 0 1 0 0 0 0 1 1 1 0 0 2 2 0 1 2 
002160	0 0 0 0 0 0 0 0 0 2 0 0 1 0 0 0 0 2 1 0 
002161	0 1 0 0 0 0 0 0 0 0 0 0 0 0 0 0 0 1 0 0 
002162	0 2 1 1 4 5 2 2 5 1 6 4 1 9 3 1 0 0 4 0 
002163	0 0 0 0 0 1 0 0 1 1 1 0 0 1 0 1 0 0 0 0 
002164	0 0 0 0 0 0 0 0 0 0 0 0 0 0 0 0 0 0 0 0 
002165	4 4 2 6 5 2 3 4 4 4 2 3 9 7 2 0 6 1 3 7 
002166	0 0 0 0 0 0 0 0 0 0 0 0 0 0 0 0 0 1 0 0 
002167	4 1 0 2 0 5 8 4 3 3 0 2 2 3 1 0 0 1 1 0 
002168	0 0 0 1 0 0 0 0 0 0 0 0 0 0 0 1 0 0 0 0 
002169	1 1 4 4 8 4 5 7 3 4 9 8 6 2 9 5 0 1 0 1 
002170	0 0 1 1 0 1 0 2 0 1 0 2 1 0 4 4 0 0 0 0 
002171	0 0 0 0 0 0 1 2 0 3 3 1 9 6 2 5 4 0 3 1 
002172	1 1 1 5 0 0 0 0 1 0 2 0 2 0 0 0 0 0 0 0 
002173	1 1 3 0 0 1 2 0 0 1 1 0 0 0 1 2 0 0 0 0 
002174	0 0 1 0 0 1 2 2 0 0 0 0 0 0 0 0 0 0 0 0 
002175	1 0 0 0 0 0 1 0 0 0 1 6 0 0 0 0 0 0 0 0 
002176	0 6 4 1 1 0 1 0 0 0 0 1 1 3 1 2 2 0 9 6 
002177	2 1 1 0 5 1 2 3 2 0 0 0 0 1 0 0 0 0 0 0 
002178	2 2 3 0 4 5 3 0 9 2 3 5 2 10 4 1 0 0 0 0 
002179	1 1 0 2 0 9 8 5 1 2 3 7 4 7 3 4 3 3 2 0 
002180	0 0 0 0 0 0 1 1 0 0 4 3 0 5 3 3 24 4 8 26 
002181	0 0 1 6 4 4 1 1 1 1 1 0 1 0 0 0 1 0 0 0 
002182	3 4 0 0 0 1 6 4 3 2 1 5 7 12 17 14 6 11 8 5 
002183	2 3 0 1 1 3 6 2 9 2 1 6 4 1 0 1 3 3 0 3 
002184	0 1 0 0 0 3 4 2 1 5 2 8 5 10 1 5 3 1 1 3 
002185	0 0 1 1 0 0 0 1 0 0 0 1 0 0 1 0 0 0 0 1 
002186	0 0 2 12 1 4 3 4 0 2 1 4 1 0 1 2 0 2 2 0 
002187	1 3 1 3 3 2 3 3 0 3 2 0 0 2 2 2 1 0 1 2 
002188	1 1 0 0 0 5 0 3 0 0 0 0 1 1 0 0 0 0 1 0 
002189	0 0 0 0 0 0 0 0 0 0 0 0 0 0 0 0 0 0 0 0 
002190	0 6 4 7 0 1 0 3 4 3 3 4 1 3 2 3 1 1 4 1 
002191	3 6 7 8 7 9 7 4 6 7 0 2 4 3 2 3 1 0 2 6 
002192	0 2 1 1 1 1 0 1 1 12 0 2 4 0 0 0 0 0 0 0 
002193	0 0 0 0 0 0 0 0 0 0 0 0 0 0 0 1 0 1 0 0 
002194	2 3 4 0 2 1 0 2 0 1 1 1 0 4 2 5 3 2 0 2 
002195	2 0 3 0 0 0 2 2 1 1 0 1 0 0 0 1 1 0 1 0 
002196	0 0 0 0 0 0 0 0 0 0 3 0 2 0 0 2 0 2 0 0 
002197	0 0 1 1 0 1 1 3 3 1 0 0 0 0 2 0 1 1 0 0 
002198	0 0 0 0 1 0 0 1 0 0 0 0 0 0 0 0 0 0 0 0 
002199	0 0 0 9 2 2 0 0 0 1 0 0 0 0 0 0 1 0 0 0 
002200	0 0 0 1 0 0 0 1 0 1 0 0 1 0 0 0 0 1 0 0 
002201	0 0 0 0 0 0 0 0 0 0 0 0 0 0 0 0 0 0 0 0 
002202	2 34 24 40 15 17 19 17 0 35 13 13 4 16 24 0 0 40 19 30 
002203	3 4 3 2 2 5 2 3 2 2 0 1 4 3 4 3 2 1 0 0 
002204	0 0 0 0 1 0 0 0 0 0 0 0 0 0 0 0 0 0 0 0 
002205	0 0 0 0 0 0 0 0 0 0 0 0 0 0 0 0 0 1 2 0 
002206	4 0 2 5 2 5 0 4 4 5 5 4 4 6 6 3 6 5 5 2 
002207	0 0 0 0 0 0 0 0 1 1 0 0 0 0 1 0 0 0 0 1 
002208	0 0 0 0 0 0 0 0 0 1 0 0 0 0 0 0 0 0 0 0 
002209	1 0 0 1 1 4 6 1 2 2 1 0 0 0 0 0 0 2 0 1 
002210	1 2 0 1 3 2 1 1 1 3 1 1 1 2 0 0 1 2 0 0 
002211	0 0 0 0 0 0 0 0 0 0 0 0 0 0 0 0 0 0 0 0 
002212	0 1 0 0 1 2 2 0 2 0 1 0 2 3 0 0 0 0 1 0 
002213	0 0 0 1 0 0 1 1 0 0 0 0 0 0 0 0 0 0 0 0 
002214	0 1 0 0 0 1 0 0 0 1 0 0 0 1 1 0 0 1 0 1 
002215	0 3 0 3 0 3 0 1 1 1 1 0 0 0 0 0 0 0 0 3 
002216	0 7 9 4 4 3 4 7 6 3 3 6 4 1 1 1 3 1 0 1 
002217	0 0 0 0 0 0 0 0 0 0 0 0 0 1 0 1 3 2 5 0 
002218	0 1 2 3 5 0 2 0 0 0 0 0 1 1 3 2 1 2 2 5 
002219	2 3 2 4 3 5 1 0 1 0 2 0 0 0 5 1 0 0 0 0 
002220	0 2 1 6 1 0 1 2 1 0 0 1 0 0 0 2 0 0 0 0 
002221	0 2 0 1 0 0 0 1 0 1 0 1 2 1 2 2 0 1 0 0 
002222	2 0 2 0 0 1 0 1 1 0 1 2 0 0 1 0 1 0 1 0 
002223	3 2 0 1 0 0 0 0 0 1 0 1 0 0 3 0 1 2 1 1 
002224	2 2 0 3 3 1 2 2 0 0 0 1 0 0 0 0 0 0 0 0 
002225	0 1 0 2 2 1 3 2 0 2 0 1 0 0 0 2 0 0 2 0 
002226	0 4 2 1 1 2 0 0 0 0 1 2 0 0 1 0 0 0 0 0 
002227	0 5 1 2 1 1 2 1 0 0 0 1 1 2 1 0 0 0 1 0 
002228	0 6 2 1 0 11 10 6 9 6 5 1 2 5 5 8 6 5 1 5 
002229	3 3 5 8 3 5 4 4 4 3 2 2 7 4 4 3 5 5 0 0 
002230	0 1 3 2 2 2 2 2 2 2 1 1 1 2 1 0 1 2 1 1 
002231	0 0 0 9 2 3 0 1 0 1 0 0 0 0 1 0 0 1 0 0 
002232	0 0 0 0 0 0 0 0 0 0 0 0 0 0 0 0 0 0 0 0 
002233	0 0 1 1 3 1 2 0 0 0 0 0 2 0 1 1 1 1 3 2 
002234	3 2 1 3 1 3 1 0 0 5 2 1 4 4 2 1 1 4 0 3 
002235	0 3 1 2 3 3 3 1 3 3 0 1 6 0 1 1 0 2 1 0 
002236	2 9 3 8 0 3 4 9 8 10 9 6 6 8 4 7 14 2 8 8 
002237	2 0 0 0 0 0 0 0 1 0 0 0 0 0 0 0 0 0 0 0 
002238	1 3 2 2 1 2 2 1 1 6 1 2 2 1 0 0 0 0 0 0 
002239	0 0 0 0 0 0 0 0 0 0 0 0 2 3 1 0 1 1 1 0 
002240	4 0 0 0 0 2 0 2 14 0 0 1 0 0 0 0 0 0 0 2 
002241	1 0 0 10 2 0 1 2 0 1 2 0 1 1 1 2 5 1 2 2 
002242	0 0 0 17 4 4 1 4 2 1 0 1 1 0 1 1 1 3 1 2 
002243	7 4 4 2 2 0 1 8 0 3 4 3 1 2 4 3 1 0 0 0 
002244	4 2 7 0 0 0 0 0 8 2 2 3 8 2 2 1 4 4 3 4 
002245	2 1 2 2 2 4 6 3 4 2 3 0 2 3 7 7 4 3 5 8 
002246	0 0 0 1 1 0 0 1 0 1 0 0 0 0 1 0 0 0 1 0 
002247	2 2 3 3 3 1 2 3 6 1 0 0 0 2 1 3 0 0 0 0 
002248	0 0 0 0 0 0 0 0 0 0 0 0 0 0 0 0 0 0 0 0 
002249	2 5 5 5 6 6 5 3 1 3 9 8 1 2 2 4 0 7 5 1 
002250	2 3 2 4 3 2 1 2 1 4 4 1 4 1 1 2 2 3 3 0 
002251	1 3 3 1 2 1 0 2 2 2 0 0 0 0 0 0 0 1 0 0 
002252	2 0 1 0 0 0 0 0 0 0 3 0 2 0 0 0 0 0 0 0 
002253	0 0 0 10 2 3 3 1 1 11 2 3 4 14 2 0 0 1 3 1 
002254	5 12 13 11 3 5 4 6 7 2 4 6 3 3 3 9 10 6 1 1 
002255	3 2 0 1 2 0 2 0 0 0 1 0 0 0 0 0 0 0 0 0 
002256	0 3 3 4 3 3 7 12 5 7 3 7 7 7 1 0 0 0 0 0 
002258	4 0 3 4 0 4 5 5 2 2 3 1 1 1 4 6 1 3 3 4 
002259	0 0 1 0 0 4 2 1 2 5 0 1 1 1 0 0 0 0 0 0 
002260	0 0 0 0 0 0 0 0 0 0 0 0 0 0 0 0 0 0 0 0 
002261	1 4 6 2 1 0 2 1 0 1 0 2 2 0 1 1 2 1 2 2 
002262	0 0 2 2 1 1 0 0 0 0 0 1 1 0 0 2 0 0 1 0 
002263	0 1 2 0 0 1 1 0 1 2 1 1 0 2 1 0 0 0 0 0 
002264	0 0 0 0 3 0 0 0 0 0 0 0 1 1 1 2 1 0 0 0 
002265	0 0 0 2 0 0 0 0 0 0 0 0 0 0 0 0 0 0 0 0 
002266	1 4 0 0 0 3 2 4 1 3 1 3 6 1 1 7 0 4 2 1 
002267	3 3 0 2 2 2 0 5 2 0 0 0 0 3 0 3 0 1 1 0 
002268	1 3 1 6 7 4 5 3 1 2 4 3 4 7 1 1 0 1 1 0 
002269	0 0 0 0 0 7 4 0 2 0 0 0 0 0 0 0 0 0 0 0 
002270	0 1 0 0 0 0 0 1 0 0 0 0 2 0 0 0 0 0 0 0 
002271	0 1 0 2 1 1 1 0 0 1 2 0 2 1 1 0 0 1 1 2 
002272	2 1 0 0 0 3 0 0 0 0 1 0 0 0 0 0 0 0 0 0 
002273	3 3 1 0 3 2 1 2 0 1 1 0 0 3 2 1 1 1 1 1 
002274	0 0 0 1 1 0 0 3 0 1 0 0 0 1 1 0 0 0 1 0 
002275	4 0 1 0 2 3 1 3 2 3 0 3 1 1 0 2 4 0 3 0 
002276	0 0 0 0 3 7 3 0 0 2 1 2 2 1 0 0 0 0 4 1 
002277	5 4 1 2 1 0 2 2 1 0 2 0 0 2 1 2 2 2 0 0 
002278	1 2 4 3 4 3 2 2 1 1 0 0 0 0 0 0 0 0 0 0 
002279	0 3 2 0 3 6 3 0 1 3 2 2 3 3 2 1 2 3 0 4 
002280	0 0 1 1 1 1 1 2 4 3 5 0 1 0 0 3 0 1 0 2 
002281	0 2 0 2 1 1 0 0 1 0 1 2 0 1 0 0 0 3 1 2 
002282	1 2 1 0 1 0 1 4 4 2 2 1 5 6 3 0 0 0 0 0 
002283	2 0 1 3 0 0 0 1 1 1 1 0 1 0 0 0 0 1 0 0 
002284	1 10 3 2 6 4 9 5 7 10 3 8 13 21 3 0 0 2 7 7 
002285	11 3 2 2 0 3 3 6 0 7 4 3 1 6 4 2 4 0 3 0 
002286	2 3 1 2 2 1 2 1 2 1 1 0 1 0 1 0 0 0 0 0 
002287	1 1 1 1 0 0 0 0 0 0 0 0 0 0 1 0 0 0 0 0 
002288	1 0 0 0 0 0 2 0 0 0 0 1 0 1 1 0 1 0 0 0 
002289	3 1 1 0 1 2 2 1 1 1 0 0 0 0 0 0 0 0 0 0 
002290	0 0 0 0 0 3 3 0 0 2 0 1 0 2 0 0 0 0 0 0 
002291	4 2 2 0 1 1 3 3 4 1 1 1 0 0 0 0 0 0 0 0 
002292	0 0 0 0 0 0 3 0 1 2 4 3 2 2 4 3 2 4 3 0 
002293	3 2 2 5 4 0 2 1 1 3 2 0 0 0 1 0 1 0 1 6 
002294	0 5 2 1 0 0 2 3 0 0 1 1 1 2 1 2 0 1 1 4 
002295	0 0 0 0 0 0 1 0 0 0 1 0 3 1 0 2 0 2 0 1 
002296	1 5 2 0 3 6 2 2 3 3 3 5 4 11 1 1 1 1 0 0 
002297	0 3 0 2 0 2 2 3 0 1 0 0 0 0 0 0 0 0 0 0 
002298	0 2 0 1 1 0 1 0 0 0 3 1 11 3 6 0 0 6 0 1 
002299	3 3 4 1 5 4 0 1 2 5 3 4 7 3 1 5 0 0 9 3 
002300	0 0 0 0 0 0 0 0 0 0 0 0 0 0 0 0 0 0 0 0 
002301	0 0 0 2 4 4 0 0 2 0 0 2 2 2 0 1 0 1 1 0 
002302	0 0 1 3 1 0 0 1 0 0 0 0 0 0 0 0 0 0 0 0 
002303	0 3 3 3 0 2 0 0 0 0 0 0 0 2 0 0 0 0 1 2 
002304	3 4 1 1 2 5 5 2 3 6 4 1 3 2 1 3 5 3 3 3 
002305	0 0 0 16 2 2 2 1 1 1 1 1 1 2 0 1 0 0 0 0 
002306	0 0 0 0 0 0 0 0 0 0 0 0 0 0 0 0 0 0 0 0 
002307	0 0 0 1 0 0 0 0 0 1 0 0 0 0 0 0 0 0 0 0 
002308	6 4 5 6 2 4 0 2 0 1 0 0 2 0 0 2 0 1 0 0 
002309	0 0 0 2 0 3 1 1 1 0 1 0 0 2 0 0 0 0 0 0 
002310	4 3 1 1 0 2 1 0 1 0 0 2 1 3 2 0 1 0 1 0 
002311	1 1 0 3 2 3 1 1 0 1 2 1 0 3 3 3 3 1 3 3 
002312	0 5 4 0 3 5 1 1 0 10 8 3 0 5 2 0 0 0 1 0 
002313	2 8 6 3 1 4 2 6 4 4 1 2 3 0 0 4 0 0 3 5 
002314	0 0 0 0 0 0 0 0 0 0 1 1 0 0 1 1 5 3 0 2 
002315	2 1 1 2 4 0 2 2 3 0 1 2 1 3 1 2 0 1 0 1 
002316	0 1 1 4 0 1 2 0 0 0 0 0 0 0 0 1 0 0 0 0 
002317	2 7 2 3 2 3 4 4 0 2 1 1 4 2 0 3 4 3 2 3 
002318	0 8 3 7 4 3 5 3 0 2 0 3 1 4 1 3 1 2 0 2 
002319	0 0 0 0 0 0 0 0 0 0 0 0 0 0 0 0 0 0 0 0 
002320	0 0 1 0 0 1 1 0 2 0 0 0 0 0 0 2 0 0 0 2 
002321	0 1 0 1 1 0 4 0 1 2 0 0 0 0 1 0 0 0 1 0 
002322	2 8 3 0 0 1 2 0 11 2 5 6 5 3 2 7 4 2 5 1 
002323	0 0 0 0 0 0 0 0 0 0 5 3 0 0 2 1 0 0 0 0 
002324	5 2 4 3 2 4 0 0 5 4 4 3 1 0 0 0 0 1 2 1 
002325	0 2 1 2 0 1 2 0 0 0 0 0 1 0 1 1 2 2 2 0 
002326	0 0 5 3 3 1 3 2 2 2 5 5 1 3 7 7 0 2 3 0 
002327	0 8 6 3 0 3 5 3 0 0 0 2 0 0 3 0 0 0 0 1 
002328	0 0 0 3 0 0 0 1 0 1 0 2 2 1 2 0 0 0 0 0 
002329	5 2 1 1 2 2 0 0 0 0 2 4 1 0 2 0 0 0 0 0 
002330	0 0 0 2 0 0 0 1 2 0 0 0 1 0 0 0 0 0 0 0 
002331	5 9 3 1 2 4 3 3 0 2 2 2 1 0 1 3 2 0 1 1 
002332	2 2 2 1 0 2 0 0 1 2 1 2 0 2 3 1 1 1 2 1 
002333	0 0 0 0 1 0 0 3 0 1 0 0 1 0 0 0 0 1 0 0 
002334	0 4 12 5 3 3 3 3 2 2 0 4 0 4 4 1 4 3 4 1 
002335	2 1 1 1 1 2 1 2 1 0 1 0 1 1 1 1 0 0 1 1 
002336	3 7 1 4 3 1 1 3 0 0 0 2 2 1 0 2 1 0 0 0 
002337	1 0 2 1 1 0 0 0 0 0 0 0 0 0 0 0 0 0 0 0 
002338	1 0 1 1 0 0 4 0 2 3 1 2 0 0 3 0 3 2 1 2 
002339	0 0 3 2 2 1 1 1 1 2 0 1 0 1 0 2 0 0 0 0 
002340	0 0 0 3 6 0 3 3 1 2 4 6 4 3 4 2 1 5 6 5 
002341	4 4 4 5 1 1 2 0 2 2 0 0 0 0 1 1 1 0 1 3 
002342	2 2 1 0 0 0 0 0 0 0 0 0 2 1 0 0 0 2 1 0 
002343	2 3 3 1 1 2 0 0 0 0 0 1 0 0 1 0 1 0 1 1 
002344	11 4 7 7 3 3 6 5 2 4 1 0 0 1 2 2 1 1 0 0 
002345	2 0 0 1 5 2 4 0 1 1 0 6 0 0 1 1 3 4 4 1 
002346	0 0 0 0 0 0 0 0 0 0 0 0 0 0 0 0 0 0 0 0 
002347	0 0 0 5 0 4 6 0 0 0 0 1 1 0 0 0 0 0 0 0 
002348	1 0 1 0 2 1 5 0 0 2 0 3 1 0 0 1 1 0 1 0 
002349	2 1 1 6 1 1 0 2 2 1 0 3 1 1 1 0 1 2 0 2 
002350	0 2 2 2 2 2 0 0 2 2 4 6 0 8 2 0 0 4 1 0 
002351	0 1 1 2 0 5 1 4 1 2 0 2 0 1 1 1 0 0 1 1 
002352	1 0 0 2 0 0 0 1 0 1 0 0 1 0 0 0 2 1 1 0 
002353	5 4 8 2 1 9 2 2 2 3 3 1 1 11 4 2 1 0 1 2 
002354	0 0 0 0 0 0 0 0 0 0 0 0 0 0 0 0 0 0 1 0 
002355	0 0 1 0 0 0 0 0 0 0 0 1 2 4 5 5 3 2 2 4 
002356	0 0 2 0 0 0 0 0 0 3 0 1 0 0 2 1 0 1 0 1 
002357	1 0 0 0 0 2 5 0 0 0 1 0 0 1 1 1 0 1 0 0 
002358	0 3 2 6 2 3 1 0 0 0 1 1 0 0 3 0 0 0 0 1 
002359	0 0 0 1 0 0 0 0 0 0 0 0 0 0 0 0 0 1 0 0 
002360	0 0 0 0 0 0 0 0 0 0 0 0 0 0 0 0 0 0 0 0 
002361	0 0 0 1 5 1 2 2 1 1 0 5 2 7 7 3 3 4 2 1 
002362	5 2 0 2 1 4 6 4 2 5 2 0 3 4 2 1 4 2 4 4 
002363	0 0 1 0 3 0 1 3 0 0 0 0 0 0 0 0 0 0 0 0 
002364	5 1 3 0 0 3 1 3 1 0 0 3 0 2 2 0 0 0 1 0 
002365	0 1 0 0 0 0 0 4 0 3 0 3 2 0 2 0 0 3 2 1 
002366	0 0 0 0 0 0 0 0 0 0 0 0 0 5 3 1 0 1 0 0 
002367	3 7 4 7 4 4 4 2 3 2 3 1 0 3 4 2 2 1 3 5 
002368	0 3 1 1 1 1 2 0 0 0 0 1 5 1 3 0 0 0 0 0 
002369	12 8 8 0 0 2 10 10 1 1 0 3 1 3 1 1 0 0 1 4 
002370	0 1 1 1 2 1 4 7 0 0 0 0 0 0 4 0 0 0 0 0 
002371	0 1 0 1 1 0 0 0 1 0 0 0 3 1 1 1 0 2 0 3 
002372	5 1 5 4 6 2 3 4 3 3 2 5 3 5 3 5 6 8 5 10 
002373	0 0 0 0 0 0 2 0 2 1 4 1 3 1 0 0 0 0 0 1 
002374	1 0 0 2 1 0 0 0 1 1 0 0 1 4 4 1 3 4 0 0 
002375	5 4 3 1 4 3 2 3 1 1 2 0 0 1 0 0 1 1 0 0 
002376	6 3 7 9 6 5 2 1 2 4 2 1 2 1 1 2 3 2 2 1 
002377	0 0 0 1 0 0 0 0 0 0 0 0 0 0 0 0 1 0 0 0 
002378	0 2 0 0 0 3 4 0 1 2 0 1 2 2 0 0 2 1 2 0 
002379	0 2 1 0 1 0 0 1 0 1 0 0 0 0 0 0 0 0 0 2 
002380	0 0 0 5 2 8 3 6 6 2 3 3 0 2 0 3 0 2 1 2 
002381	0 2 4 0 0 1 0 0 0 0 0 3 0 2 0 2 0 2 2 0 
002382	1 1 3 0 0 2 0 0 0 1 0 2 2 0 4 2 3 2 0 0 
002383	4 2 2 4 5 8 10 2 4 4 2 2 0 2 2 4 4 2 2 2 
002384	0 0 1 0 0 0 4 5 1 0 0 0 0 4 4 9 1 3 0 0 
002385	0 2 4 3 4 3 2 1 3 1 0 1 4 5 1 1 2 2 2 4 
002386	0 1 0 0 0 0 0 1 1 1 0 0 0 0 0 0 0 0 2 0 
002387	0 0 0 1 2 4 1 2 2 1 1 0 0 0 0 0 0 0 2 0 
002388	0 0 0 0 0 0 3 3 1 1 0 0 1 0 0 0 0 0 0 0 
002389	1 3 0 2 4 0 3 2 1 0 3 2 0 0 0 0 1 0 1 0 
002390	3 2 2 2 2 2 1 1 0 0 3 2 1 2 1 0 0 0 0 1 
002391	0 1 0 0 2 1 1 0 0 0 4 2 1 0 1 7 2 4 3 5 
002392	0 1 0 1 0 1 0 0 0 0 1 0 0 0 0 0 0 0 0 0 
002393	0 0 0 0 0 0 0 0 0 0 0 0 0 0 0 0 1 0 0 0 
002394	0 3 1 0 0 0 2 1 1 2 1 4 3 0 3 1 1 1 0 0 
002395	0 1 0 0 0 2 0 4 0 1 2 3 1 2 2 0 0 0 1 0 
002396	0 1 3 5 2 5 5 0 0 1 0 5 1 2 1 1 0 4 3 3 
002397	4 3 2 5 2 1 1 3 2 1 1 2 0 0 0 1 1 1 0 2 
002398	4 14 7 6 7 12 16 10 3 13 7 4 1 6 5 1 3 2 2 0 
002399	5 4 1 0 3 2 7 4 2 0 1 6 9 0 3 4 1 0 0 0 
002400	0 1 2 2 0 0 0 0 0 0 0 0 0 0 0 0 0 0 0 0 
002401	2 2 12 2 4 4 6 2 0 2 0 0 0 0 0 0 0 0 0 0 
002402	2 0 3 6 8 5 2 3 2 4 3 1 1 2 3 4 1 4 3 4 
002403	1 0 0 1 0 0 3 4 0 1 0 1 1 2 0 1 0 2 1 1 
002404	1 0 1 1 1 2 4 12 5 1 0 6 3 7 3 3 5 4 4 0 
002405	0 0 1 0 0 4 0 0 0 2 0 3 2 2 4 4 4 2 4 0 
002406	0 0 1 0 0 0 0 0 0 0 0 0 0 1 0 0 0 0 0 0 
002407	2 2 2 4 2 0 12 4 1 2 2 2 3 2 1 1 1 2 1 2 
002408	4 2 0 6 1 3 3 3 1 3 1 0 1 1 4 1 0 0 0 0 
002409	1 1 4 0 1 1 2 0 0 0 0 0 1 0 0 0 0 0 0 0 
002410	0 2 4 6 0 3 2 2 0 3 1 4 0 2 1 6 2 3 1 2 
002411	6 12 8 6 8 4 4 0 0 0 0 2 2 6 2 0 0 0 2 6 
002412	3 0 2 4 0 2 0 2 0 3 0 0 0 0 0 2 0 0 0 0 
002413	0 0 0 0 0 0 0 0 0 2 2 4 4 5 2 1 0 1 2 8 
002414	0 4 6 9 1 5 5 4 2 0 1 3 3 1 0 3 3 1 3 4 
002415	0 3 1 2 1 4 0 2 1 0 0 1 1 7 12 8 4 7 5 5 
002416	0 1 3 1 0 3 1 0 1 0 1 1 4 0 1 0 0 4 1 0 
002417	1 3 1 3 1 0 1 1 0 0 0 0 0 0 0 0 0 0 0 0 
002418	0 0 0 0 0 1 2 1 0 1 0 0 1 6 3 2 0 1 0 0 
002419	1 1 0 1 1 1 1 2 2 1 1 2 0 3 3 6 1 3 1 6 
002420	0 0 1 0 1 1 1 0 0 1 0 1 0 0 0 0 0 0 0 0 
002421	3 2 3 2 1 2 3 0 0 2 2 0 2 3 0 1 2 1 2 0 
002422	0 1 1 4 1 0 4 3 3 2 2 1 0 1 0 3 0 1 1 0 
002423	1 0 0 0 0 0 0 0 0 2 0 0 0 0 0 0 0 0 0 0 
002424	6 2 0 2 3 0 4 0 0 0 0 3 1 1 0 3 1 1 1 1 
002425	0 0 0 0 0 0 0 0 4 0 0 0 1 1 0 1 3 0 0 1 
002426	0 9 4 6 0 1 1 0 3 1 0 11 1 1 4 2 0 0 0 1 
002427	3 0 1 1 4 2 0 1 4 7 0 4 0 1 0 0 0 1 0 1 
002428	2 2 3 4 1 1 2 0 2 2 1 0 3 4 2 2 5 0 0 5 
002429	4 7 4 12 2 5 4 0 1 2 0 1 5 1 1 0 1 1 2 4 
002430	0 2 6 0 0 2 0 2 2 3 0 1 1 1 1 4 4 2 3 10 
002431	1 4 2 0 1 3 1 0 1 3 4 2 1 1 2 2 1 5 2 1 
002432	0 0 0 0 5 4 2 0 1 0 0 0 1 1 1 0 1 1 0 0 
002433	2 4 2 2 7 2 1 0 1 1 1 1 0 0 1 2 0 1 0 1 
002434	0 1 1 1 0 1 0 0 0 0 0 0 0 2 0 1 1 0 0 0 
002435	0 0 0 1 0 0 0 0 0 0 0 0 0 0 0 0 0 0 0 0 
002436	6 2 5 1 2 5 5 7 7 0 2 6 0 5 2 2 0 3 6 4 
002437	0 0 0 2 2 1 1 1 1 0 1 1 0 1 1 1 0 0 0 0 
002438	2 2 4 6 8 8 10 16 4 2 4 6 5 10 6 8 6 2 6 8 
002439	1 4 5 5 2 7 6 5 2 3 3 2 2 3 1 1 0 1 0 1 
002440	0 3 0 0 0 0 1 0 0 0 0 0 0 0 0 0 1 0 2 8 
002441	1 2 2 2 1 3 4 4 0 4 0 3 0 3 0 1 1 0 0 2 
002442	0 1 0 0 0 0 0 0 0 0 0 0 0 0 0 0 0 0 0 0 
002443	2 2 0 1 2 0 0 0 0 1 0 0 1 1 1 1 0 0 0 0 
002444	3 3 2 4 7 1 6 7 8 9 4 9 3 8 7 3 10 7 5 9 
002445	0 0 0 0 0 2 0 0 0 0 0 1 0 1 0 0 1 0 0 0 
002446	1 0 0 0 2 0 1 3 0 0 1 0 1 0 0 1 0 0 0 0 
002447	0 0 0 0 0 0 0 0 0 0 0 0 0 0 0 0 0 0 0 0 
002448	1 0 0 2 4 4 1 4 0 0 2 2 3 1 0 1 0 0 1 0 
002449	2 3 0 1 4 7 1 5 1 2 0 1 1 1 1 0 0 0 2 3 
002450	0 0 2 1 2 0 0 0 1 0 1 0 0 2 0 0 0 2 1 0 
002451	0 0 0 0 0 5 0 0 0 0 0 0 0 0 0 0 0 1 0 0 
002452	1 1 1 0 1 1 2 2 0 0 0 0 1 0 1 1 1 0 1 0 
002453	1 2 0 0 1 0 2 2 0 0 0 0 0 1 0 0 0 0 1 0 
002454	1 1 0 0 3 0 0 1 0 0 0 0 0 0 0 0 0 0 1 0 
002455	0 0 0 0 0 0 0 0 0 0 0 1 0 0 0 0 0 0 2 1 
002456	2 4 3 4 0 1 1 0 1 1 2 2 1 0 2 1 1 0 1 2 
002457	4 0 1 1 0 1 1 0 0 0 0 0 0 0 0 0 0 0 0 0 
002458	0 1 0 0 0 2 1 0 0 1 1 0 2 2 0 0 0 1 0 1 
002459	0 0 0 0 0 0 0 0 0 0 0 0 0 0 0 0 0 0 0 1 
002460	0 3 3 1 4 1 0 1 2 2 1 2 2 2 0 0 0 1 2 0 
002461	0 2 2 3 3 1 2 2 0 0 1 3 0 1 0 1 3 1 0 0 
002462	1 1 0 0 0 0 0 0 0 0 0 0 0 0 0 0 0 0 0 0 
002463	9 3 4 3 0 2 8 7 1 3 3 2 2 11 16 7 5 10 3 12 
002464	0 0 0 0 0 0 2 2 0 0 0 0 1 0 0 1 0 0 0 0 
002465	4 10 3 11 12 13 4 9 5 5 6 5 3 4 0 3 2 3 3 2 
002466	2 1 0 0 1 0 0 3 0 6 3 9 4 6 3 4 2 8 2 4 
002467	1 0 0 1 0 4 7 1 0 1 1 1 1 2 1 0 0 0 0 0 
002468	0 0 0 0 0 0 1 0 0 0 0 0 1 0 0 0 0 1 0 0 
002469	1 2 1 2 1 0 2 1 0 1 0 1 0 4 1 1 1 0 2 0 
002470	1 0 1 1 1 0 0 0 1 0 1 2 0 3 2 2 3 1 0 0 
002471	0 0 0 0 1 0 0 0 0 0 0 0 0 1 1 0 0 0 0 0 
002472	0 0 0 0 5 3 2 3 0 0 0 0 0 3 1 1 0 3 0 0 
002473	0 0 0 0 0 0 0 0 0 0 0 0 0 0 0 0 0 0 0 0 
002474	2 2 1 3 4 0 0 4 0 0 0 3 0 2 1 1 0 1 3 1 
002475	1 0 2 0 0 0 0 1 1 3 1 1 1 1 2 1 0 2 2 2 
002476	0 1 1 0 1 0 0 0 0 0 0 0 0 0 0 0 0 0 0 0 
002477	0 0 0 2 8 4 4 0 2 0 2 0 0 6 2 0 2 0 2 0 
002478	1 0 2 1 0 4 0 0 0 0 0 0 0 0 0 0 0 0 0 0 
002479	0 0 0 13 0 0 0 0 0 0 1 0 0 1 0 0 2 0 0 0 
002480	0 1 1 0 4 0 0 0 0 0 0 0 0 0 0 0 0 1 1 0 
002481	0 0 2 3 2 2 1 1 1 0 0 0 1 1 0 0 0 0 0 0 
002482	19 11 11 11 10 2 4 7 7 5 3 0 10 1 6 4 4 7 4 4 
002483	0 4 3 4 1 1 3 1 3 0 2 0 2 3 2 2 1 0 0 0 
002484	2 2 3 2 4 2 3 1 2 3 4 1 1 1 1 4 1 1 1 0 
002485	1 1 0 0 0 0 0 2 0 0 0 0 0 0 1 0 0 0 0 0 
002486	1 0 2 7 4 2 2 1 1 1 1 0 0 0 0 0 0 0 0 0 
002487	0 0 0 0 1 0 0 1 1 1 0 0 0 0 1 0 0 0 0 0 
002488	1 0 1 3 4 3 12 11 7 7 5 5 2 4 0 0 0 0 0 0 
002489	2 4 6 4 4 20 4 10 4 2 0 6 0 4 4 8 6 4 0 2 
002490	0 1 0 0 1 0 0 0 0 0 0 0 0 0 0 0 0 0 0 0 
002491	0 2 2 0 0 2 0 2 0 10 0 2 0 6 2 0 4 2 0 2 
002492	2 0 1 2 0 3 2 0 0 3 0 1 1 0 0 0 0 0 0 0 
002493	0 0 0 5 1 4 3 0 5 1 1 1 4 3 2 3 3 3 4 3 
002494	2 2 3 3 3 0 1 1 0 4 1 5 4 1 3 1 0 0 0 0 
002495	0 1 0 2 0 0 1 0 0 0 0 1 2 0 0 0 0 0 0 0 
002496	0 0 0 0 0 0 0 0 0 0 0 0 0 0 0 0 0 0 0 0 
002497	0 0 1 1 1 0 1 0 2 1 0 0 1 3 1 0 0 3 0 0 
002498	0 0 0 0 0 1 0 0 0 0 0 0 0 0 0 0 0 0 0 0 
002499	0 2 3 3 0 0 6 6 2 4 1 4 2 0 2 0 0 0 0 0 
002501	0 0 0 0 0 1 1 1 0 0 0 0 0 0 0 0 0 2 0 0 
002502	0 0 2 0 2 2 1 0 1 0 2 0 2 2 1 0 0 1 0 0 
002503	2 4 3 0 0 0 2 1 0 2 2 3 1 3 2 4 2 3 6 3 
002504	0 0 0 0 0 0 0 0 0 0 0 2 3 0 0 0 0 0 0 0 
002505	0 1 1 0 1 0 0 0 0 0 0 0 0 0 0 0 0 0 0 0 
002506	0 0 0 0 0 0 0 0 0 0 7 0 0 1 0 0 0 0 3 2 
002507	1 4 3 1 0 5 0 1 0 1 2 1 1 1 5 0 1 4 2 3 
002508	10 9 5 11 8 4 6 7 5 3 8 5 10 7 4 8 8 7 9 15 
002509	8 8 6 4 8 1 1 0 0 0 1 0 0 1 1 0 0 0 0 0 
002510	0 0 0 0 2 7 3 5 1 1 2 3 1 4 1 1 1 4 1 0 
002511	4 5 4 3 0 4 1 3 1 0 0 3 4 4 2 4 0 0 1 1 
002512	0 0 0 1 3 0 0 1 0 2 6 5 2 0 0 0 0 0 0 0 
002513	0 1 0 0 0 0 0 0 0 0 0 3 1 0 0 0 0 1 1 0 
002514	2 0 0 3 0 0 0 0 2 0 0 0 1 1 0 2 0 0 0 3 
002515	0 3 1 4 2 3 2 0 1 2 0 4 1 1 0 1 0 0 0 2 
002516	2 2 2 2 0 6 3 2 1 2 1 0 1 0 2 2 2 0 0 0 
002517	0 2 0 0 0 0 0 1 0 0 0 0 0 0 0 1 0 0 0 0 
002518	2 2 1 3 3 6 3 1 3 5 3 4 3 5 2 3 2 0 5 6 
002519	0 3 3 0 7 9 8 2 8 1 3 4 5 1 0 6 5 4 2 0 
002520	0 0 0 2 1 0 3 2 2 2 2 1 0 1 1 1 0 1 0 0 
002521	1 0 0 3 4 1 1 3 1 1 0 0 0 0 0 1 4 0 0 0 
002522	0 0 0 0 0 0 1 0 0 2 0 0 0 3 0 2 4 0 0 0 
002523	0 0 0 0 0 2 0 1 0 0 1 0 0 0 2 4 0 1 0 0 
002524	0 1 5 1 0 0 2 0 0 0 0 0 0 0 0 0 0 0 0 0 
002526	1 1 1 0 0 1 4 1 1 7 3 1 1 0 0 0 0 0 0 0 
002527	1 0 5 2 1 3 3 3 3 6 2 6 4 5 2 0 0 1 3 0 
002528	5 3 6 2 0 0 0 1 0 0 0 1 0 1 0 2 0 1 1 1 
002529	0 2 0 0 1 1 1 0 0 8 1 0 0 0 0 4 0 0 0 0 
002530	0 2 0 0 1 1 1 2 2 1 0 0 1 0 3 0 3 2 0 0 
002531	1 1 1 6 10 6 2 3 1 2 2 1 0 0 2 0 1 1 0 5 
002532	6 7 7 8 4 5 0 1 2 1 0 2 0 3 0 3 4 2 1 0 
002533	1 1 0 6 5 5 9 8 0 3 2 1 5 8 5 9 3 2 3 0 
002534	2 0 0 0 0 0 0 0 0 0 0 1 1 0 0 2 1 3 5 0 
002535	0 3 0 2 1 0 0 1 0 1 0 1 0 0 0 1 0 0 0 0 
002536	4 0 0 4 2 2 8 8 0 0 0 2 2 2 6 8 4 0 10 4 
002537	0 0 0 1 0 1 0 1 4 2 0 0 2 1 0 1 0 0 0 1 
002538	0 0 0 0 0 0 0 0 1 0 0 0 0 2 1 0 1 0 0 0 
002539	0 2 0 5 6 10 8 0 3 4 4 3 1 8 3 2 2 4 2 1 
002540	3 7 10 8 3 16 9 12 6 2 5 0 0 3 7 0 0 5 0 8 
002541	0 0 0 13 1 4 5 1 2 1 3 2 3 4 6 5 3 6 3 2 
002542	1 1 4 0 0 4 0 0 1 1 1 0 0 0 0 2 1 0 0 0 
002543	0 1 1 3 6 3 2 0 0 2 0 2 0 2 0 0 0 5 0 0 
002544	4 3 2 2 0 4 0 3 0 0 2 0 0 2 2 2 1 10 3 1 
002545	0 0 0 0 0 0 1 0 0 0 0 0 0 2 0 0 0 0 0 0 
002546	0 2 0 1 3 2 0 2 0 3 4 7 4 2 0 0 0 1 0 0 
002547	1 0 1 1 0 0 0 0 0 0 1 0 0 1 0 1 0 0 0 0 
002548	2 1 2 0 1 2 0 1 0 3 0 1 3 4 6 6 6 2 0 4 
002549	1 6 8 4 4 2 1 0 1 0 1 1 1 2 2 0 1 2 0 1 
002550	2 8 6 2 2 3 3 5 0 4 3 3 1 0 0 1 0 2 1 0 
002551	1 5 1 3 2 0 0 0 1 2 0 1 2 0 2 3 2 0 0 0 
002552	0 1 0 0 4 3 4 1 0 0 1 0 0 0 0 0 0 0 0 0 
002553	0 0 1 2 0 3 4 0 1 0 0 0 0 0 2 0 0 0 0 0 
002554	2 1 2 2 0 1 0 0 0 4 0 0 1 1 2 2 2 0 0 0 
002555	0 0 0 1 0 0 0 0 0 0 0 1 0 0 1 1 1 0 1 1 
002556	3 3 1 6 0 2 2 8 1 11 3 7 3 3 2 0 3 3 2 3 
002557	13 2 0 3 1 0 1 2 1 0 1 6 3 2 0 0 1 2 1 1 
002558	0 0 0 0 0 0 0 0 0 0 0 0 0 0 0 0 0 0 0 0 
002559	2 2 3 3 1 6 8 1 4 5 4 2 2 9 3 3 0 2 0 2 
002560	0 2 0 0 0 0 0 2 0 6 0 18 0 6 2 0 0 0 0 0 
002561	0 1 1 0 1 2 0 1 1 3 1 1 1 1 3 6 0 3 1 0 
002562	0 0 0 4 1 4 5 1 0 1 2 2 1 2 1 1 0 4 3 2 
002563	1 1 3 5 4 5 8 4 4 4 4 2 2 4 3 4 2 2 0 4 
002564	0 1 1 0 0 0 2 1 1 2 2 0 1 1 0 0 1 0 1 0 
002565	0 0 0 0 0 0 0 0 0 0 0 0 0 0 0 0 0 0 0 0 
002566	1 2 4 4 0 0 1 1 0 1 0 0 0 0 0 1 0 0 0 0 
002567	0 3 0 0 3 2 3 1 1 1 3 1 1 0 3 1 2 3 3 2 
002568	0 5 1 1 0 2 0 3 1 0 5 4 0 1 3 0 0 1 2 0 
002569	0 1 0 0 0 1 0 0 0 0 0 0 0 1 0 0 0 0 0 0 
002570	1 9 5 3 3 5 2 1 1 1 2 0 0 1 1 2 0 0 1 0 
002571	0 3 0 0 0 0 0 0 0 0 0 0 0 0 0 0 0 0 0 0 
002572	6 6 2 6 8 12 12 10 4 0 12 2 2 14 10 8 8 25 4 7 
002573	2 0 2 2 0 1 3 4 0 2 5 1 0 1 3 2 1 2 2 2 
002574	0 1 0 1 0 0 1 0 2 1 0 3 0 0 1 2 0 0 0 0 
002575	1 0 0 0 0 0 1 0 0 0 0 0 3 0 0 0 0 0 0 0 
002576	0 1 0 0 2 0 0 0 0 0 0 1 0 0 0 0 0 0 1 0 
002577	1 2 4 2 9 9 3 0 0 0 0 0 4 7 2 2 1 1 1 0 
002578	0 0 0 2 1 0 2 0 0 1 0 0 0 0 0 0 0 0 0 0 
002579	0 0 0 0 0 1 0 0 1 0 0 0 0 0 0 0 0 0 0 0 
002580	0 1 2 0 0 3 1 0 0 0 0 1 1 2 0 1 0 0 0 0 
002581	0 2 2 4 1 0 0 0 0 0 0 0 0 0 0 0 0 0 0 0 
002582	0 0 6 6 6 4 2 2 0 0 0 4 0 4 0 4 0 1 0 1 
002583	3 2 3 5 3 2 3 1 0 0 0 3 0 0 2 0 0 2 8 3 
002584	1 0 2 4 8 2 3 5 0 0 1 1 1 2 0 0 0 1 0 0 
002585	0 0 0 1 0 5 1 0 2 8 2 1 2 3 1 2 0 1 3 2 
002586	1 5 6 0 2 1 0 2 0 0 2 2 8 1 2 5 0 0 0 0 
002587	4 6 5 7 10 6 6 6 3 0 3 8 1 2 6 5 2 2 1 2 
002588	2 0 1 0 0 0 0 0 0 0 1 3 0 0 0 0 1 0 0 0 
002589	0 17 4 4 2 0 5 4 0 1 0 3 6 6 2 4 5 0 3 1 
002590	0 0 0 0 0 2 3 1 0 3 1 10 3 11 2 4 4 2 1 0 
002591	0 0 1 1 5 0 0 2 2 1 0 2 3 0 0 0 0 0 0 0 
002592	0 0 0 0 0 0 0 0 0 0 0 0 0 0 0 0 0 0 0 1 
002593	0 0 0 0 0 0 0 1 0 0 3 2 0 0 1 0 0 1 1 0 
002594	13 60 27 32 17 25 29 39 11 12 5 5 5 20 10 40 8 10 10 44 
002595	0 0 0 1 2 3 1 0 2 0 1 0 0 7 4 7 3 2 0 2 
002596	0 0 0 1 0 0 0 0 0 0 0 2 0 0 0 0 0 2 1 3 
002597	0 0 0 0 3 0 0 0 0 0 0 0 2 0 0 0 0 1 1 1 
002598	2 4 0 1 3 0 1 0 0 1 0 0 0 0 1 0 0 0 0 0 
002599	0 0 0 0 1 2 0 1 1 0 0 0 0 2 3 2 1 2 1 1 
002600	0 0 2 0 2 0 2 3 1 0 0 0 0 0 1 4 3 0 0 0 
002601	3 4 3 6 0 2 4 0 2 0 5 1 3 2 2 2 1 6 3 4 
002602	0 0 1 3 0 0 1 0 0 1 0 0 0 0 0 0 0 0 0 0 
002603	0 0 8 5 3 5 6 3 0 2 0 0 0 1 1 2 2 1 2 1 
002604	0 0 1 1 1 0 0 2 1 0 0 2 3 0 0 0 0 0 0 0 
002605	0 1 2 1 0 3 1 2 0 0 0 0 2 0 0 1 0 0 0 0 
002606	0 0 0 0 0 1 6 1 0 0 3 3 0 0 1 0 0 0 0 0 
002607	0 1 6 3 1 1 2 0 2 0 0 0 1 0 0 1 0 1 0 0 
002608	0 0 0 0 0 2 0 0 0 0 1 0 0 0 0 0 0 0 0 1 
002609	3 3 4 7 1 3 1 2 4 1 1 0 1 0 0 1 0 0 1 1 
002610	1 0 0 3 0 1 1 0 0 0 0 0 0 0 0 0 0 0 0 0 
002611	3 0 0 4 4 2 5 1 3 2 3 5 1 0 1 4 2 1 0 1 
002612	2 3 2 1 1 0 0 1 0 3 1 2 0 1 0 2 0 0 1 0 
002613	0 1 0 0 0 1 0 1 0 0 0 0 0 1 1 0 0 0 0 0 
002614	0 4 3 6 3 3 2 1 0 2 2 1 0 3 1 3 0 8 5 4 
002615	0 1 1 5 0 4 3 2 1 1 0 2 3 0 1 1 1 1 3 0 
002616	0 0 4 2 0 2 5 1 1 1 2 0 0 0 1 0 1 0 0 0 
002617	0 0 0 1 0 4 0 0 0 0 0 0 0 0 0 0 0 0 1 0 
002618	2 1 0 1 0 1 1 0 0 0 0 0 1 0 0 0 0 0 0 0 
002619	0 2 0 0 0 0 0 0 1 0 1 0 0 2 4 0 0 1 0 0 
002620	3 5 6 1 5 1 0 2 1 2 2 4 3 1 0 3 2 2 1 2 
002621	1 1 0 3 0 1 3 0 0 0 1 1 0 0 0 0 0 0 0 0 
002622	0 0 0 0 0 0 0 0 0 0 0 0 1 0 0 0 0 0 0 0 
002623	1 1 1 2 3 2 4 4 4 1 2 4 1 3 2 0 0 0 1 1 
002624	0 0 0 1 0 0 0 0 0 1 1 1 3 1 0 4 2 1 1 0 
002625	0 0 0 0 0 0 0 0 1 0 0 0 0 0 0 0 0 0 0 0 
002626	1 4 0 0 3 4 3 3 1 0 3 2 1 2 1 1 1 2 3 7 
002627	0 0 0 0 0 0 1 1 0 5 0 0 0 0 1 2 1 1 0 0 
002628	2 2 2 2 0 0 0 2 0 0 0 0 0 2 0 0 0 0 0 0 
002629	0 1 1 3 0 0 0 0 0 0 0 0 0 0 0 0 0 0 0 0 
002630	0 0 2 0 2 0 0 0 0 2 0 0 0 0 0 1 0 0 0 0 
002631	1 0 0 4 0 4 7 0 0 1 1 0 1 1 0 0 0 3 0 1 
002632	1 1 0 2 1 4 2 1 1 0 1 0 1 0 0 0 1 1 5 2 
002633	0 0 0 2 0 0 0 0 1 0 0 0 0 0 0 0 0 0 0 0 
002634	0 0 0 0 0 0 0 0 0 0 0 0 1 0 0 0 0 0 0 0 
002635	6 6 6 4 3 1 2 4 6 6 7 8 4 9 13 2 5 6 7 6 
002636	0 0 0 0 0 0 0 0 0 0 0 2 0 0 1 1 1 0 0 0 
002637	1 2 0 7 7 7 6 3 0 6 2 4 3 5 2 6 3 3 4 1 
002638	2 1 2 1 2 1 1 1 0 0 0 0 0 1 1 1 0 0 0 0 
002639	0 0 0 0 4 1 3 1 3 1 0 0 0 2 3 0 0 0 0 0 
002640	0 1 0 0 0 0 3 2 0 1 2 1 5 1 2 0 6 3 0 0 
002641	5 4 2 3 4 2 2 4 5 5 1 4 3 2 2 2 3 3 0 2 
002642	0 2 4 1 0 3 2 0 2 2 1 11 1 1 3 1 2 0 3 0 
002643	1 2 1 0 1 1 0 0 0 0 0 5 0 4 1 0 1 1 1 2 
002644	0 0 1 4 0 3 2 0 1 2 1 1 0 0 1 4 0 0 0 0 
002645	0 1 1 1 0 0 0 1 0 0 0 1 0 0 0 1 0 1 1 1 
002646	1 1 2 0 0 1 1 0 0 1 0 0 0 0 0 1 1 0 2 0 
002647	0 0 0 0 0 1 0 0 0 0 0 0 0 0 0 0 0 0 0 0 
002648	4 6 0 3 1 5 5 0 2 0 0 0 1 0 1 3 0 0 1 0 
002649	0 0 0 8 0 0 0 2 4 0 0 1 2 2 3 0 2 0 0 0 
002650	3 5 5 4 4 4 4 4 3 0 1 1 0 1 0 0 0 0 0 0 
002651	0 2 0 1 2 0 1 0 0 1 0 0 0 0 0 0 0 0 0 0 
002652	0 0 0 0 0 0 0 0 0 0 0 0 0 0 0 0 0 0 0 0 
002653	0 0 1 1 0 0 0 0 0 0 0 0 0 8 2 0 0 0 2 1 
002654	0 2 2 2 5 6 7 2 2 2 1 5 2 1 1 1 0 1 0 1 
002655	1 2 1 1 3 1 2 0 0 0 0 0 2 1 0 0 0 0 0 0 
002656	10 6 10 8 2 2 5 2 0 0 2 0 5 3 0 0 0 2 0 0 
002657	4 3 0 0 1 0 0 0 1 1 2 2 0 1 1 3 0 0 0 0 
002658	0 6 1 4 1 2 0 2 2 2 1 1 0 0 0 3 0 1 1 0 
002659	0 0 0 0 0 1 0 0 0 0 0 0 0 0 0 0 2 0 0 1 
002660	2 0 4 3 3 2 1 1 0 0 0 1 0 0 0 0 0 0 0 0 
002661	2 1 1 1 1 1 1 1 0 2 0 1 0 1 1 0 0 1 0 0 
002662	0 0 0 0 0 1 0 1 0 1 0 1 0 0 1 0 0 1 0 0 
002663	5 3 9 5 5 4 5 3 1 3 1 3 4 0 0 1 0 0 0 2 
002664	1 0 1 0 0 0 0 0 0 0 1 0 0 0 0 0 0 0 1 1 
002665	0 0 1 0 0 0 1 0 0 0 3 3 2 0 0 0 0 0 0 0 
002666	2 4 2 5 5 1 3 6 8 2 1 3 1 3 4 3 1 0 1 0 
002667	0 0 0 0 0 1 0 0 0 0 0 0 0 0 0 0 0 0 0 0 
002668	2 2 1 1 0 0 0 0 0 0 0 0 0 0 0 0 0 0 0 0 
002669	0 3 0 4 0 3 1 1 0 3 3 2 1 3 1 0 1 0 0 3 
002670	0 2 1 1 2 0 2 1 0 0 0 0 0 0 0 2 0 0 0 0 
002671	0 0 1 1 0 1 1 1 1 0 0 0 0 1 0 0 0 1 0 0 
002672	1 1 2 2 2 4 1 0 0 1 8 5 3 2 4 1 0 5 0 1 
002674	1 3 1 1 1 0 1 0 1 0 2 1 1 0 0 3 0 0 0 0 
002675	1 2 0 0 6 0 1 0 0 0 3 0 0 2 0 0 0 0 1 0 
002676	0 0 2 2 3 0 1 4 1 1 1 3 0 1 0 1 0 0 0 0 
002677	1 1 2 2 2 2 5 6 0 1 0 1 1 2 1 2 3 2 2 2 
002678	3 1 0 0 1 3 0 0 2 0 2 1 1 1 1 5 1 2 2 1 
002679	0 0 2 2 0 0 0 3 0 1 0 1 0 0 0 0 0 0 0 0 
002680	1 0 0 0 2 1 1 3 0 0 0 0 1 2 3 0 0 3 1 0 
002681	0 2 4 5 1 0 1 1 5 1 4 1 0 2 0 2 0 3 2 1 
002682	0 0 1 0 0 1 1 4 2 2 0 1 0 1 0 0 1 4 4 0 
002683	1 0 1 1 0 0 0 1 0 0 0 1 1 0 0 1 0 0 1 1 
002684	0 0 0 0 0 1 1 5 2 0 3 0 2 1 1 0 0 0 0 1 
002685	0 0 1 0 0 0 0 2 0 0 0 0 0 0 0 0 0 2 0 0 
002686	3 0 1 5 2 2 8 4 3 3 2 7 1 2 7 1 0 8 2 1 
002687	0 3 0 0 1 0 0 4 0 6 0 0 0 1 2 0 0 0 0 0 
002688	0 0 1 0 0 0 0 0 0 1 0 3 5 2 0 0 0 0 0 0 
002689	1 4 3 2 0 4 3 3 6 5 4 6 0 4 1 0 0 2 0 0 
002690	2 6 5 6 2 7 5 3 1 6 7 9 3 1 1 2 0 6 1 1 
002691	0 1 0 0 0 0 0 0 0 0 0 0 0 0 0 0 0 0 0 0 
002692	0 0 0 2 0 1 0 0 0 0 0 0 0 0 0 0 0 0 0 0 
002693	0 1 0 4 2 2 0 0 2 0 0 0 0 0 0 0 0 0 0 0 
002694	0 0 0 0 0 2 0 1 0 0 0 0 0 0 0 0 0 1 0 0 
002695	1 2 0 3 0 1 0 1 0 2 2 2 0 1 0 0 0 0 0 0 
002696	0 0 0 4 0 0 1 1 0 1 0 0 0 1 0 0 0 0 0 0 
002697	1 0 0 4 0 3 1 0 1 3 0 1 0 3 1 0 0 0 0 0 
002698	8 4 5 2 3 7 12 3 5 7 4 4 3 5 5 1 2 0 1 0 
002699	0 0 0 0 2 1 1 1 0 0 0 0 0 0 0 0 0 0 0 0 
002700	0 4 1 0 0 0 0 1 0 0 0 0 0 0 0 0 0 0 0 0 
002701	0 6 8 1 1 7 4 2 2 1 0 1 2 2 0 2 0 0 0 0 
002702	3 4 1 3 0 1 2 0 0 1 0 0 3 0 0 0 1 0 0 0 
002703	0 0 0 0 0 2 0 0 0 0 0 0 0 0 0 0 0 0 0 0 
002705	0 0 0 0 0 2 2 3 2 6 2 3 3 13 11 17 4 5 3 5 
002706	0 0 0 0 1 5 1 1 0 2 1 2 0 2 1 2 1 2 7 3 
002707	0 0 0 0 2 3 1 4 1 1 0 0 1 1 1 0 1 0 0 0 
002708	0 0 0 0 0 0 1 0 2 0 0 0 0 0 0 1 1 0 0 0 
002709	0 0 0 0 0 4 4 2 1 1 2 3 0 3 3 2 1 0 0 1 
002711	0 0 0 0 2 1 1 1 1 1 1 0 1 0 0 0 0 1 0 0 
002712	0 0 0 0 1 1 0 0 0 0 0 0 0 0 1 0 0 0 0 0 
002713	0 0 0 0 0 2 4 3 1 0 1 1 2 1 4 1 1 1 2 2
002714	0 0 0 0 1 2 2 0 0 0 2 0 2 1 1 0 4 4 3 1 
002715	0 0 0 0 0 0 0 0 0 1 0 0 0 0 0 0 0 0 0 0 
002716	0 0 0 0 0 0 0 1 0 0 0 0 1 1 0 0 1 1 0 0 
002717	0 0 0 0 0 1 0 1 2 1 1 1 0 1 1 1 2 3 3 1 
002718	0 0 0 0 0 5 0 1 4 0 3 0 0 2 0 0 2 2 0 0 
002719	0 0 0 0 0 0 0 0 0 0 0 0 0 0 0 0 0 0 0 0 
002721	0 0 0 0 0 0 1 3 3 2 0 3 0 2 0 0 4 0 0 1 
002722	0 0 0 0 0 0 0 0 0 0 0 1 2 2 0 0 0 1 0 0 
002723	0 0 0 0 0 0 0 0 1 0 0 0 0 0 0 0 0 0 0 0 
002724	0 0 0 0 0 0 0 0 1 3 0 0 0 0 0 1 0 1 1 1 
002725	0 0 0 0 0 0 0 1 0 1 0 0 0 0 0 0 0 0 0 0 
002726	0 0 0 0 0 0 1 1 0 2 2 1 0 2 1 3 1 1 2 0 
002727	0 0 0 0 0 0 16 16 2 6 10 20 16 12 23 18 14 14 12 12 
002728	0 0 0 0 0 0 0 0 0 2 0 0 1 2 0 0 0 3 1 0 
002729	0 0 0 0 0 0 0 1 4 0 0 0 0 0 0 0 0 0 0 0 
002730	0 0 0 0 0 0 0 0 0 0 0 0 3 3 1 0 0 0 0 0 
002731	0 0 0 0 0 0 0 0 0 1 0 0 0 0 0 0 0 0 0 0 
002732	0 0 0 0 0 0 0 0 0 0 0 1 1 1 1 0 0 1 1 0 
002733	0 0 0 0 0 0 0 0 0 4 3 2 1 1 1 2 0 0 0 1 
002735	0 0 0 0 0 0 0 0 0 0 0 3 0 0 0 0 0 0 0 0 
002737	0 0 0 0 0 0 0 0 0 3 2 0 0 2 3 1 0 0 0 0 
002738	0 0 0 0 0 0 0 0 0 5 1 0 0 2 2 6 1 1 1 0 
300001	0 0 3 0 0 1 0 0 0 2 0 0 0 0 0 0 0 0 0 0 
300002	0 2 2 3 1 2 1 1 0 1 0 0 3 1 3 1 3 0 0 0 
300003	0 1 2 2 0 0 1 1 3 0 0 1 2 2 1 0 0 2 1 0 
300004	2 0 2 3 3 6 4 7 5 5 10 6 3 5 3 1 2 0 0 0 
300005	3 1 1 2 2 1 1 2 2 1 3 2 3 3 1 2 1 0 0 0 
300006	0 0 1 1 0 1 0 2 0 1 0 1 0 0 0 0 0 0 0 0 
300007	0 2 0 1 0 3 3 3 2 1 3 2 1 4 4 2 3 1 1 2 
300008	0 0 0 0 0 0 0 0 0 1 0 0 0 0 0 0 0 3 0 0 
300009	2 1 1 1 0 1 2 2 0 4 0 4 1 0 1 1 0 0 4 3 
300010	0 0 1 3 4 1 1 2 0 0 0 3 3 0 0 0 2 1 0 0 
300011	3 1 3 4 2 1 0 1 4 0 1 2 1 1 1 1 0 0 1 1 
300012	0 6 4 2 8 0 0 2 0 0 0 1 2 4 1 2 1 0 2 1 
300013	0 1 1 0 0 1 0 0 0 1 2 0 0 0 0 0 0 0 0 0 
300014	0 0 0 0 1 2 0 0 0 0 1 0 1 0 0 1 1 1 1 1 
300015	0 0 10 2 2 2 1 6 0 4 2 1 1 1 0 2 0 1 0 0 
300016	1 2 2 0 0 6 1 6 0 4 1 5 0 1 0 1 4 1 3 2 
300017	0 2 1 2 0 3 1 1 2 1 0 2 1 0 1 1 1 0 1 0 
300018	1 1 0 4 4 4 7 7 0 0 1 6 0 1 1 2 0 2 0 1 
300019	7 5 3 8 4 5 2 2 0 0 2 1 1 0 1 0 0 1 0 0 
300020	2 3 2 1 2 2 1 1 0 3 1 2 0 1 0 0 0 2 0 1 
300021	0 1 1 1 0 1 0 0 0 0 0 0 0 0 0 0 0 0 0 0 
300022	2 1 2 3 0 0 0 2 0 3 0 0 0 5 1 1 1 0 0 0 
300023	0 0 0 0 0 0 0 0 2 4 0 2 0 0 0 0 0 0 0 0 
300024	0 2 0 0 0 1 0 0 0 1 0 0 0 0 1 0 0 1 3 0 
300025	0 0 0 1 1 1 3 2 0 2 1 1 0 2 0 1 0 2 1 0 
300026	0 4 4 0 0 2 2 0 0 2 1 1 0 1 0 0 0 0 0 0 
300027	0 3 7 0 0 1 1 1 0 4 0 1 1 0 0 0 1 0 2 0 
300028	0 0 1 2 4 2 3 2 1 1 0 0 0 0 0 0 0 0 0 0 
300029	0 0 0 0 1 0 0 0 0 0 0 0 0 0 0 0 0 0 0 0 
300030	1 1 2 7 3 6 4 0 0 5 0 2 1 0 0 0 0 0 0 0 
300031	0 1 2 1 0 0 0 2 0 0 0 0 0 0 1 0 0 0 0 0 
300032	0 0 2 0 0 6 3 2 1 3 1 3 2 5 1 3 0 1 1 0 
300033	0 3 2 0 0 4 1 2 1 2 1 0 1 1 4 0 0 0 3 0 
300034	0 0 6 4 3 14 4 1 0 3 0 2 0 0 0 1 0 0 2 2 
300035	0 2 0 0 0 0 1 0 0 0 0 0 0 0 0 0 0 0 0 0 
300036	0 2 1 2 0 2 2 2 0 2 2 1 1 2 3 3 1 3 2 1 
300037	0 2 0 1 2 2 1 0 3 4 2 1 0 3 1 1 1 2 3 2 
300038	0 0 1 0 0 1 0 0 0 1 0 0 0 0 1 0 0 0 2 0 
300039	3 5 3 6 1 2 2 3 0 4 0 1 0 0 1 1 0 2 2 0 
300040	0 3 0 0 0 0 0 0 0 1 1 0 1 4 0 0 0 0 0 0 
300041	0 2 1 1 0 0 1 3 2 0 1 1 0 1 1 0 0 1 0 0 
300042	0 0 0 0 4 0 1 0 0 0 0 0 0 0 0 0 0 0 0 0 
300043	1 5 1 0 0 0 0 4 0 3 0 1 1 0 1 0 0 0 1 10 
300044	0 2 0 0 0 0 0 0 1 8 1 3 0 2 0 0 0 2 3 1 
300045	0 1 1 4 2 1 2 2 2 1 1 1 0 1 1 0 1 1 0 0 
300046	0 2 0 0 0 1 4 2 0 0 1 1 0 0 0 0 0 0 0 0 
300047	0 2 0 2 1 1 0 2 0 1 0 0 0 0 0 0 2 1 0 0 
300048	0 2 2 1 1 3 0 1 0 0 1 2 2 5 2 1 1 1 0 0 
300049	2 1 5 2 2 8 3 1 5 4 4 4 0 1 4 0 0 3 1 0 
300050	1 1 0 0 1 0 0 1 0 0 1 0 0 3 0 2 3 0 0 1 
300051	0 0 1 3 0 2 2 1 0 0 1 6 3 4 2 0 0 0 0 1 
300052	1 0 0 2 0 3 4 0 0 0 0 0 0 0 0 1 0 0 0 0 
300053	0 1 2 1 2 1 2 3 1 0 1 0 1 0 0 0 0 1 2 0 
300054	0 0 20 1 5 5 4 2 3 1 3 0 0 0 10 4 2 2 0 1 
300055	5 8 3 3 2 6 3 5 1 0 1 3 1 2 2 0 1 1 1 3 
300056	0 0 0 2 0 3 0 1 3 2 0 2 1 3 2 0 0 0 0 0 
300057	4 2 2 0 4 1 2 0 2 0 1 2 1 2 3 0 2 0 1 2 
300058	0 0 0 1 0 0 0 0 0 1 2 0 1 3 0 0 0 1 1 0 
300059	0 0 0 0 0 2 0 0 0 3 2 4 7 2 2 0 0 0 0 0 
300061	0 0 0 0 2 1 7 1 0 0 2 0 3 1 0 0 1 0 0 0 
300062	1 3 0 2 2 0 1 0 0 3 3 1 1 4 6 3 0 2 0 0 
300063	0 0 0 1 0 1 0 0 0 1 2 0 0 0 1 0 1 0 0 0 
300064	0 0 4 5 0 4 2 0 5 1 1 5 3 4 6 1 2 2 1 1 
300065	1 0 0 1 2 1 0 0 1 1 3 3 4 2 2 1 0 0 2 1 
300066	0 0 1 1 0 0 0 1 0 0 0 0 0 3 1 1 0 1 0 0 
300067	2 2 3 2 6 5 0 1 3 3 1 3 0 1 3 3 2 1 1 1 
300068	0 1 1 0 3 0 1 0 0 0 1 1 0 0 1 0 0 0 0 0 
300069	0 0 2 2 0 3 1 0 0 0 0 0 1 4 3 0 0 0 0 0 
300070	0 0 0 0 2 1 0 1 1 0 1 1 0 3 2 2 2 1 1 1 
300071	0 0 2 0 0 0 0 0 0 0 0 1 0 0 2 0 0 2 0 4 
300072	2 3 2 4 4 3 1 1 4 2 1 3 1 2 4 2 0 3 4 2 
300073	0 4 1 3 4 3 1 4 0 2 5 6 4 4 4 2 2 4 3 6 
300074	0 2 5 3 5 1 0 0 0 2 0 1 0 0 0 0 0 0 0 0 
300075	0 1 3 0 0 1 1 1 1 0 1 1 0 1 1 0 0 0 0 0 
300076	2 0 0 0 1 4 1 1 0 1 0 0 1 1 0 0 0 0 0 0 
300077	4 5 5 3 4 3 4 4 0 1 0 4 3 0 1 0 0 0 0 0 
300078	0 0 6 3 2 3 1 1 0 0 0 2 3 5 2 1 2 2 1 1 
300079	0 2 1 0 0 2 1 1 1 6 2 1 0 0 0 0 0 1 0 0 
300080	0 2 3 1 0 2 0 1 0 2 0 2 1 0 0 1 0 1 0 1 
300081	0 1 1 0 1 1 3 0 1 0 1 0 0 1 0 0 0 0 0 0 
300082	0 0 3 2 0 0 2 1 1 1 0 1 0 0 2 2 0 3 1 0 
300083	8 4 8 4 0 0 0 2 4 0 6 2 6 0 0 0 2 0 4 0 
300084	3 0 2 4 5 8 5 1 1 0 0 1 9 0 2 1 0 0 0 0 
300085	2 12 12 3 0 3 2 4 1 1 1 2 1 1 2 1 0 0 0 1 
300086	0 0 0 1 1 1 1 2 0 2 1 0 1 2 1 2 2 0 0 0 
300087	0 0 1 1 0 0 2 2 1 0 0 0 1 0 1 0 0 2 0 0 
300088	1 0 1 1 0 0 3 2 0 1 0 1 0 1 0 0 0 0 1 1 
300089	0 0 0 1 0 0 0 0 0 0 0 0 0 0 0 0 0 0 0 0 
300090	3 0 0 1 1 1 1 0 0 0 0 0 1 2 0 1 0 1 0 0 
300091	0 2 2 0 2 0 0 0 0 1 0 1 0 1 1 0 2 1 1 1 
300092	0 0 0 0 0 2 1 1 0 0 0 0 0 2 0 0 1 0 0 0 
300093	0 1 0 1 0 0 0 0 0 0 0 2 1 0 0 0 0 0 0 0 
300094	0 5 3 3 3 0 2 1 1 0 0 0 0 0 1 4 3 0 0 4 
300095	0 0 1 5 5 2 1 4 1 2 1 2 2 2 1 0 0 0 0 0 
300096	0 5 5 3 1 7 7 11 6 2 0 0 0 6 2 4 0 4 2 0 
300097	0 0 0 0 0 1 0 0 0 0 1 0 0 1 0 0 0 1 2 0 
300098	0 1 0 3 0 0 1 0 0 0 0 0 2 4 1 0 2 0 1 0 
300099	1 0 0 0 0 0 0 0 0 0 0 0 0 0 0 1 0 0 0 0 
300100	0 0 0 0 3 0 1 3 2 0 1 0 0 1 0 0 0 0 0 1 
300101	2 3 1 3 2 5 3 3 0 0 2 8 0 1 0 4 0 1 0 0 
300102	0 0 0 2 2 0 2 0 0 0 0 0 0 0 0 0 0 1 1 2 
300103	0 1 0 4 1 0 2 4 1 3 1 0 0 4 1 0 0 0 1 0 
300104	0 0 0 4 0 1 2 2 1 2 0 0 0 2 0 1 1 2 1 0 
300105	0 10 1 3 0 3 6 3 1 4 0 1 0 2 0 1 0 0 0 0 
300106	0 0 0 0 1 0 0 0 0 0 0 0 0 0 0 0 0 0 0 0 
300107	0 0 8 4 0 2 0 0 0 0 0 0 0 0 0 0 0 0 0 0 
300108	0 0 0 0 0 0 0 0 0 0 0 0 0 0 0 0 0 0 0 0 
300109	0 0 0 2 3 1 0 0 5 0 0 1 0 1 0 0 0 0 0 0 
300110	0 0 7 3 3 6 3 1 1 0 4 1 0 0 0 0 0 0 0 0 
300111	0 0 0 0 0 0 0 0 0 0 0 0 2 1 0 0 0 0 0 0 
300112	0 0 0 3 0 1 1 0 1 0 0 1 0 1 0 1 0 0 0 2 
300113	0 2 0 0 0 13 3 0 0 0 1 0 1 0 0 0 0 1 0 0 
300114	0 0 0 0 0 0 1 0 0 0 0 0 2 2 0 0 0 1 1 4 
300115	2 4 3 2 1 4 4 1 0 1 1 0 0 3 5 1 0 1 1 4 
300116	0 0 0 2 0 1 1 0 0 0 1 1 1 2 2 1 1 1 4 2 
300117	2 2 0 2 0 0 1 6 0 1 5 6 3 4 0 1 1 1 0 2 
300118	0 1 1 3 2 0 1 0 0 0 0 0 1 0 0 0 0 0 0 0 
300119	2 2 4 1 1 1 0 0 1 0 0 0 0 0 1 0 0 0 0 0 
300120	0 0 1 2 0 1 2 1 1 3 2 0 4 0 0 3 1 1 1 0 
300121	0 3 2 3 0 2 0 0 0 0 0 0 0 0 0 0 0 0 2 1 
300122	0 0 0 0 0 0 0 0 0 0 0 0 1 0 0 0 0 0 0 2 
300123	2 0 4 7 1 1 0 3 0 1 0 0 1 0 0 0 0 1 0 1 
300124	2 11 8 3 7 7 6 8 2 4 15 6 9 10 7 4 5 5 3 4 
300125	0 4 1 3 1 0 3 0 0 1 0 2 0 0 0 0 0 1 0 0 
300126	0 2 2 6 0 0 1 2 0 2 2 3 0 0 0 0 0 0 0 0 
300127	0 2 2 2 4 0 0 4 2 2 0 2 0 2 2 2 2 2 0 0 
300128	3 6 0 6 2 2 2 3 1 2 0 0 0 1 0 0 2 1 0 1 
300129	0 1 4 6 1 2 0 2 0 2 2 4 2 2 2 6 0 10 6 4 
300130	0 0 1 0 0 0 1 1 1 1 0 0 1 1 0 0 0 1 0 1 
300131	6 2 6 0 8 0 5 5 1 10 1 2 0 2 3 1 0 2 1 1 
300132	1 2 1 0 0 0 0 0 0 0 0 0 0 1 1 0 0 0 0 0 
300133	0 0 0 0 2 1 0 2 0 0 1 0 0 0 0 2 0 2 11 1 
300134	4 2 0 0 1 1 2 3 3 1 0 1 1 5 5 0 0 0 1 0 
300135	0 1 0 1 0 0 0 0 0 0 0 0 0 0 0 0 0 0 0 0 
300136	0 3 1 0 2 1 1 1 1 0 5 2 1 1 6 4 4 7 4 4 
300137	0 0 3 3 1 1 0 0 0 0 1 0 0 0 0 0 0 1 2 3 
300138	0 1 0 1 0 0 0 2 0 0 1 0 1 2 1 3 1 2 2 2 
300139	0 6 1 4 0 1 2 2 5 1 2 3 0 0 0 0 0 0 0 0 
300140	0 0 0 0 1 0 1 2 3 1 0 0 1 1 0 0 0 1 0 0 
300141	0 0 0 1 2 0 1 2 0 0 0 2 0 0 1 0 0 0 1 0 
300142	1 2 5 0 2 1 3 1 0 1 1 0 3 0 0 3 2 3 1 1 
300143	0 0 0 0 0 0 1 0 0 0 1 2 0 2 0 0 0 3 0 3 
300144	2 5 4 5 3 1 3 1 1 1 3 2 2 3 2 1 3 0 3 1 
300145	1 4 4 3 1 3 1 3 0 2 1 2 0 1 1 2 0 1 0 1 
300146	3 5 3 2 2 2 2 1 4 1 3 1 4 3 3 2 3 1 2 3 
300147	0 1 2 5 1 2 2 2 0 1 4 3 0 2 1 3 1 2 0 1 
300148	0 0 0 0 2 2 0 0 0 0 0 0 0 0 0 1 0 1 1 0 
300149	0 0 1 1 2 2 1 1 1 1 1 1 0 0 0 0 0 0 0 1 
300150	0 1 1 1 1 2 0 1 0 1 0 1 3 1 1 0 0 0 0 0 
300151	0 0 0 0 0 1 1 1 0 1 0 0 0 0 0 0 0 0 0 0 
300152	3 0 1 1 0 0 1 0 1 0 0 0 0 0 0 0 0 0 0 0 
300153	0 0 0 0 0 0 1 0 2 1 0 0 0 1 0 0 0 0 0 0 
300154	1 3 4 5 0 7 1 2 1 3 1 3 0 1 0 0 2 0 0 0 
300155	10 6 7 7 2 3 1 1 3 0 0 0 1 0 0 0 0 0 0 0 
300156	0 0 0 0 0 0 0 0 1 1 0 0 0 0 1 0 0 3 0 0 
300157	0 1 1 1 0 0 0 0 0 0 0 1 0 0 0 0 0 1 1 0 
300158	0 0 7 4 1 1 0 1 0 0 0 1 1 0 0 0 0 0 0 0 
300159	0 0 1 0 0 1 0 0 0 1 0 0 0 1 0 1 0 0 1 0 
300160	0 0 1 2 0 1 2 1 0 3 1 3 1 0 0 0 0 0 0 1 
300161	0 0 1 3 0 3 0 1 0 3 1 2 0 0 0 0 0 0 0 0 
300162	0 1 1 1 0 3 2 2 0 0 0 0 0 1 2 0 0 0 0 0 
300163	1 0 1 0 0 0 3 1 0 5 1 0 0 0 1 0 0 0 0 0 
300164	0 2 2 0 0 1 0 0 0 0 0 0 0 0 0 10 0 0 0 0 
300165	3 3 0 0 1 0 2 2 1 2 0 2 1 2 0 0 0 2 0 0 
300166	0 0 3 3 5 0 2 0 0 1 1 0 0 1 1 1 0 1 1 0 
300167	0 0 6 1 1 2 0 4 1 0 1 0 0 0 0 0 0 0 0 0 
300168	0 1 1 0 0 0 1 3 0 1 1 1 0 1 0 0 0 0 0 0 
300169	0 1 1 0 3 0 0 0 0 0 0 0 0 0 1 0 0 0 0 0 
300170	0 2 0 0 0 1 0 0 1 0 0 1 0 0 2 2 4 0 2 2 
300171	1 1 0 1 0 1 0 0 0 1 0 0 1 0 0 0 0 0 0 0 
300172	5 5 10 8 7 11 9 4 6 4 5 5 2 5 4 2 0 1 1 1 
300173	0 0 0 0 0 1 0 0 3 1 0 1 0 2 1 1 0 5 0 0 
300174	1 2 0 0 1 0 1 0 0 2 0 3 1 2 0 0 0 0 0 0 
300175	0 0 1 1 1 1 1 0 0 0 0 0 1 0 0 0 0 0 0 0 
300176	0 0 0 0 0 0 2 0 0 1 1 0 0 0 0 1 0 0 0 0 
300177	1 13 14 17 4 13 5 4 0 5 2 8 0 4 3 1 0 2 0 3 
300178	4 4 6 7 6 3 3 5 10 7 5 2 2 1 1 0 0 3 0 1 
300179	2 1 5 5 1 9 1 3 4 2 1 2 1 1 2 2 1 2 3 0 
300180	0 1 1 1 2 5 0 0 0 0 3 0 1 0 0 0 0 0 0 1 
300181	4 7 10 14 6 4 10 8 6 2 2 2 2 1 1 2 1 1 1 0 
300182	0 1 2 1 2 1 1 1 0 0 2 0 1 0 1 2 1 0 2 1 
300183	0 0 5 5 1 5 1 0 3 1 2 0 0 3 0 1 0 2 0 0 
300184	0 0 0 0 2 1 0 0 0 0 1 2 0 0 0 0 0 0 0 0 
300185	0 0 0 0 0 0 0 0 0 1 0 1 0 1 0 1 0 0 0 0 
300187	4 4 3 5 1 2 2 2 0 3 5 0 0 0 4 0 2 1 0 0 
300188	0 7 7 3 0 6 4 4 1 5 3 8 1 5 6 2 4 5 3 4 
300189	0 0 0 0 0 0 0 0 0 0 0 0 0 0 0 0 0 0 0 0 
300190	0 0 0 2 2 1 0 0 2 0 0 0 0 0 0 0 0 0 0 0 
300191	0 2 0 1 0 2 1 0 1 0 0 2 0 0 1 0 0 0 0 0 
300192	0 0 0 3 0 1 0 1 0 1 1 3 0 0 0 1 1 1 0 1 
300193	0 1 0 2 1 0 0 0 0 0 0 1 0 0 0 0 0 0 0 0 
300194	2 0 0 1 0 0 0 1 0 1 0 0 0 1 2 0 0 1 0 0 
300195	1 0 1 1 3 1 2 1 1 0 3 0 0 0 0 0 1 0 1 0 
300196	6 5 7 5 4 5 3 2 1 0 3 1 0 1 3 0 0 1 1 3 
300197	3 4 1 1 0 3 2 1 0 3 0 2 2 5 2 1 1 3 0 3 
300198	3 0 2 0 1 1 0 2 4 3 1 0 2 0 0 0 0 0 1 0 
300199	4 5 7 5 5 0 2 5 3 2 10 4 6 2 10 10 7 10 6 11 
300200	0 1 0 0 0 1 1 3 0 3 1 2 0 3 2 1 2 1 0 0 
300201	8 4 0 1 1 1 0 1 0 2 0 1 3 0 1 1 0 0 0 1 
300202	0 0 4 1 0 0 0 0 0 0 0 1 0 0 0 0 0 1 0 0 
300203	0 1 1 0 0 1 1 0 0 0 0 2 2 0 1 0 1 1 0 0 
300204	0 0 12 8 0 2 2 4 4 2 3 0 0 2 0 2 0 2 0 0 
300205	2 12 5 7 7 0 4 4 5 6 3 3 2 3 1 1 0 1 0 1 
300206	0 4 0 3 2 1 2 2 1 1 1 1 1 1 2 1 0 1 1 0 
300207	5 4 3 4 4 3 0 5 2 5 6 4 3 12 5 9 8 10 8 5 
300208	0 0 0 0 0 0 0 0 0 0 2 0 6 1 0 0 0 0 0 0 
300209	1 1 0 1 2 3 1 0 0 0 0 0 2 0 0 0 0 0 0 0 
300210	0 0 1 1 0 0 2 1 0 1 0 2 0 0 0 1 0 0 0 0 
300211	0 0 0 0 0 0 0 1 0 0 0 2 3 0 0 0 0 0 0 0 
300212	1 3 2 0 0 1 1 1 0 0 0 0 0 0 0 0 0 0 0 0 
300213	0 0 3 2 1 1 0 1 0 2 0 1 0 4 2 0 1 1 0 0 
300214	1 2 1 1 0 0 1 0 0 0 1 1 0 0 0 0 0 0 0 0 
300215	0 1 1 1 1 0 0 0 0 0 0 1 0 0 1 2 0 1 0 0 
300216	4 1 0 1 0 1 2 2 1 1 1 0 0 1 1 0 0 0 0 0 
300217	0 1 8 3 2 4 1 2 2 5 3 1 1 0 0 1 2 0 0 0 
300218	0 2 3 3 2 8 0 5 3 5 5 6 2 5 4 1 1 3 3 2 
300219	6 9 1 4 2 3 2 1 1 1 3 3 2 6 1 0 0 4 4 4 
300220	0 1 1 1 1 1 0 1 1 5 1 0 0 0 1 2 1 0 1 0 
300221	1 3 0 1 0 2 5 0 0 1 1 0 2 1 1 2 2 3 0 4 
300222	0 0 0 0 0 1 0 0 0 1 0 0 1 0 0 1 1 0 0 0 
300223	0 3 1 6 1 3 2 5 1 2 4 4 0 0 0 0 0 1 1 3 
300224	0 4 2 4 1 2 4 5 4 4 2 0 0 0 0 0 0 2 2 1 
300225	0 0 0 2 0 4 1 3 1 1 0 0 0 0 0 0 0 1 0 0 
300226	1 5 6 1 6 1 1 8 2 0 3 1 0 2 2 0 1 0 0 0 
300227	0 2 2 3 0 2 3 0 0 2 1 1 1 0 0 0 0 0 0 2 
300228	0 0 2 1 1 0 1 2 2 0 0 1 1 1 1 0 2 1 1 1 
300229	0 1 1 2 0 3 1 0 1 1 0 0 1 4 0 2 0 0 0 2 
300230	0 1 2 4 0 1 1 1 4 4 5 4 2 3 3 3 1 7 3 0 
300231	0 2 1 2 0 0 1 1 0 1 1 0 0 0 1 1 0 0 0 0 
300232	4 0 2 6 1 3 2 2 1 0 1 0 0 0 2 1 0 0 4 2 
300233	5 2 1 2 2 0 1 0 0 2 0 1 0 1 0 0 0 0 0 0 
300234	1 1 2 1 0 1 3 1 3 2 0 2 0 2 0 0 0 1 0 0 
300235	0 3 2 2 1 1 0 1 0 1 1 0 0 1 0 0 0 2 1 0 
300236	0 5 7 6 5 5 9 12 7 3 7 7 2 7 1 7 5 4 1 3 
300237	0 1 0 2 0 0 0 0 3 1 1 1 0 2 0 0 0 1 0 0 
300238	0 7 7 3 5 1 1 2 1 0 1 0 0 3 2 2 1 1 0 0 
300239	0 1 1 0 0 0 1 2 1 2 0 0 1 0 0 0 0 1 0 0 
300240	0 5 3 3 1 1 2 0 0 1 0 1 0 0 0 1 0 0 0 0 
300241	1 3 4 1 0 2 1 0 0 0 0 1 0 0 3 3 1 1 0 0 
300242	0 0 0 0 0 3 1 3 0 0 10 5 3 0 0 0 1 0 0 0 
300243	0 0 0 0 0 0 0 0 0 2 0 0 0 0 0 2 0 0 0 0 
300244	1 1 2 1 1 1 1 1 2 0 1 1 1 1 2 1 0 2 2 1 
300245	4 6 4 6 2 12 4 4 2 4 4 6 0 2 4 0 0 0 2 2 
300246	1 4 1 2 0 3 1 1 1 1 2 0 0 1 1 0 1 2 1 0 
300247	0 2 1 5 0 0 1 0 1 5 0 0 0 0 0 1 0 0 0 1 
300248	2 3 1 0 3 4 2 1 1 2 0 1 1 0 0 0 1 0 0 2 
300249	0 0 4 1 0 2 1 3 0 1 0 0 3 2 0 0 0 0 1 4 
300250	0 1 0 0 0 3 1 0 0 2 0 2 1 3 0 1 1 1 0 1 
300251	1 3 1 1 1 1 1 1 1 0 1 0 0 2 1 0 0 1 1 0 
300252	0 1 0 0 1 1 1 0 1 0 1 1 0 0 0 1 0 1 0 1 
300253	0 0 0 1 1 0 0 0 1 0 0 1 0 0 0 0 0 0 0 0 
300254	0 0 0 0 1 1 0 0 0 0 1 0 0 0 0 0 0 0 0 0 
300255	2 2 1 2 0 0 3 2 0 0 0 2 1 1 1 0 0 0 0 0 
300256	3 2 0 2 0 1 1 0 1 0 0 0 0 2 1 1 0 1 0 0 
300257	0 0 0 0 0 0 0 0 0 0 0 0 1 0 0 0 1 0 0 0 
300258	3 1 1 3 0 3 3 2 0 2 2 1 1 8 0 3 2 3 2 6 
300259	1 4 3 1 1 1 0 0 0 2 1 1 1 1 2 4 2 3 1 3 
300260	0 0 1 1 0 0 0 1 0 0 0 0 0 0 0 0 0 0 0 0 
300261	0 0 1 0 1 2 0 1 0 1 0 0 0 0 0 0 0 1 1 0 
300262	2 1 2 2 0 0 1 0 2 2 1 4 0 0 0 2 1 0 0 1 
300263	0 0 6 2 4 6 2 5 0 0 0 0 0 5 2 0 0 2 0 1 
300264	0 0 0 0 0 0 0 1 0 0 0 0 3 12 0 0 7 0 4 2 
300265	0 0 0 0 9 0 0 0 0 0 0 0 0 0 0 0 0 0 0 0 
300266	15 16 2 6 10 4 0 1 4 1 0 3 1 3 0 1 0 0 1 0 
300267	0 1 0 0 0 1 1 0 1 4 2 1 3 1 1 0 0 0 0 1 
300268	0 0 0 0 0 0 0 0 0 0 0 0 0 0 0 0 0 0 0 0 
300269	0 3 2 2 6 4 1 0 1 0 0 4 1 1 0 3 0 0 3 1 
300270	0 3 0 0 0 1 2 0 0 2 1 0 0 1 1 0 0 1 0 0 
300271	0 9 4 11 7 4 1 6 3 2 4 4 1 0 1 0 0 0 0 1 
300272	0 1 2 0 2 1 1 0 0 1 0 0 1 0 1 1 0 0 0 0 
300273	0 20 4 14 6 8 4 0 2 4 4 0 0 0 4 0 0 6 0 2 
300274	0 0 1 0 0 2 0 0 0 0 0 2 0 1 0 0 0 0 1 0 
300275	2 5 0 7 0 8 2 4 1 1 1 3 1 0 0 1 1 0 0 0 
300276	0 0 0 0 0 1 0 0 0 0 0 0 1 0 0 0 0 0 0 0 
300277	1 0 0 0 0 0 0 0 0 0 0 0 0 0 0 0 0 0 0 0 
300278	0 0 0 0 0 3 1 3 1 2 0 1 0 0 0 0 0 0 1 0 
300279	0 0 1 3 4 0 1 6 7 0 0 0 3 2 0 1 0 2 2 1 
300280	0 0 0 0 1 0 0 0 0 0 0 0 0 0 0 0 0 0 0 0 
300281	1 1 0 1 0 3 2 0 0 1 0 0 2 2 2 14 14 8 0 0 
300282	0 7 4 0 0 6 2 0 0 1 3 0 0 0 4 1 2 0 0 1 
300283	1 0 6 2 0 0 1 1 0 0 0 0 0 0 1 0 0 0 0 1 
300284	2 1 1 2 1 2 2 4 0 0 2 2 0 0 1 6 1 1 1 0 
300285	1 2 1 0 0 1 1 1 0 0 1 0 1 1 0 0 1 1 1 1 
300286	3 4 5 1 0 3 0 2 5 3 1 2 1 2 2 3 0 4 0 1 
300287	2 4 2 0 5 1 0 1 4 1 2 3 3 3 1 1 1 1 0 3 
300288	0 0 1 0 0 0 0 0 1 0 1 1 1 0 0 1 0 0 0 1 
300289	0 1 2 2 0 2 1 2 1 3 1 1 0 1 0 2 1 0 0 0 
300290	0 3 3 2 0 1 1 3 0 0 0 4 2 0 0 1 0 0 0 0 
300291	0 2 0 1 0 0 1 2 0 1 1 1 0 0 1 0 0 0 0 0 
300292	0 2 2 1 2 4 3 0 3 6 2 5 5 2 1 1 0 1 2 1 
300293	0 3 1 0 2 4 4 3 0 9 4 2 0 0 1 1 0 3 1 1 
300294	0 0 0 0 0 0 0 1 0 0 1 0 2 0 1 0 0 2 0 0 
300295	1 0 2 1 1 1 2 1 0 2 0 2 0 0 0 0 0 1 0 1 
300296	4 7 4 2 12 11 6 0 4 2 8 8 7 12 8 11 9 15 13 13 
300297	9 3 4 5 1 6 1 7 4 2 3 6 5 1 1 3 2 5 3 1 
300298	2 0 2 3 1 6 4 3 1 2 5 1 0 0 2 1 1 1 1 0 
300299	5 3 2 2 0 2 0 0 1 0 2 4 0 0 0 0 0 0 0 0 
300300	1 1 0 4 1 2 5 2 4 0 0 1 1 1 0 1 0 1 0 0 
300301	9 8 4 3 1 0 0 0 0 0 0 0 0 0 0 0 0 0 0 0 
300302	1 6 3 1 1 1 1 4 0 1 1 0 0 0 9 1 0 0 0 0 
300303	1 0 4 2 2 3 0 3 0 0 1 1 0 1 2 3 1 0 0 1 
300304	1 0 1 1 0 4 1 2 1 1 0 1 1 0 1 3 0 1 0 0 
300305	0 0 0 1 1 1 0 0 0 0 0 2 1 1 0 0 0 0 0 0 
300306	2 2 4 2 2 2 4 2 0 5 2 0 2 0 4 2 0 0 2 0 
300307	0 0 4 4 10 2 8 0 4 4 1 2 6 5 2 0 0 1 0 0 
300308	0 2 1 1 4 0 1 0 0 0 0 1 0 0 0 0 0 0 1 0 
300309	0 0 0 1 0 0 0 0 0 0 0 3 1 1 2 0 1 0 0 0 
300310	1 2 0 0 1 0 1 1 1 1 0 0 0 0 0 1 0 0 1 1 
300311	1 2 4 6 0 1 1 2 0 2 4 3 2 3 1 0 0 0 0 0 
300312	0 0 11 0 0 0 0 0 0 0 0 0 0 1 0 0 0 0 0 0 
300313	1 0 1 3 1 1 0 0 0 1 0 0 0 1 1 0 0 0 0 0 
300314	2 3 0 2 0 1 2 1 0 0 1 0 1 1 0 1 0 0 0 0 
300315	2 2 2 0 0 0 0 0 0 0 1 0 1 0 0 0 0 0 0 1 
300316	0 0 2 6 4 2 2 1 3 4 3 3 2 4 4 3 9 4 6 10 
300317	0 0 0 0 0 0 1 1 0 0 0 1 0 0 1 0 0 1 0 0 
300318	1 0 1 2 6 4 0 2 1 1 3 0 2 0 2 1 0 0 0 0 
300319	0 0 0 0 0 0 0 0 0 0 1 4 0 0 0 0 1 1 2 0 
300320	0 0 2 0 1 4 3 9 4 0 1 2 2 5 0 2 0 1 2 2 
300321	0 0 0 0 0 0 0 0 0 0 0 0 0 0 0 0 0 0 0 0 
300322	0 1 0 4 0 3 0 2 0 0 0 3 1 0 1 4 0 0 1 1 
300323	0 6 2 2 3 3 4 2 2 0 0 3 1 0 0 0 0 0 1 1 
300324	1 4 2 2 3 5 0 0 1 3 3 5 2 1 3 1 1 2 0 1 
300325	0 0 0 0 0 1 3 0 0 0 2 5 0 0 0 0 0 1 0 0 
300326	0 0 0 0 0 1 0 0 1 0 1 0 1 3 1 0 0 0 0 1 
300327	0 2 2 4 3 9 5 9 3 8 14 13 9 12 10 10 7 20 11 17 
300328	1 1 2 0 0 1 1 0 1 0 0 0 0 1 0 0 0 1 0 0 
300329	0 2 0 2 2 2 1 5 4 3 0 0 0 0 0 1 0 0 0 0 
300330	0 1 3 3 3 5 1 0 1 1 2 4 1 3 1 2 1 2 0 0 
300331	0 2 1 1 0 1 3 0 0 3 0 2 0 1 1 0 0 0 0 0 
300332	1 1 0 1 1 1 1 0 0 1 2 0 0 0 0 1 0 0 0 0 
300333	1 0 1 2 0 3 1 1 0 1 2 1 2 1 0 0 0 1 0 0 
300334	1 3 2 0 0 0 1 0 0 0 0 1 1 0 0 0 1 0 0 1 
300335	4 14 10 4 12 11 2 6 0 0 0 5 0 2 4 6 6 5 4 6 
300336	2 3 1 3 0 2 0 2 0 2 2 0 1 1 2 1 1 2 2 0 
300337	0 2 2 3 2 0 0 0 0 1 0 0 0 0 1 0 0 0 2 0 
300338	0 2 1 0 2 3 1 3 0 0 0 1 0 0 3 2 2 1 4 4 
300339	1 0 2 1 0 3 1 0 0 2 1 2 0 0 2 0 0 1 0 2 
300340	0 0 0 0 0 0 3 0 0 0 1 0 0 6 2 5 3 11 8 5 
300341	0 0 0 0 0 1 0 0 0 0 0 0 0 0 0 0 0 0 0 0 
300342	0 5 3 1 0 1 0 2 1 2 0 0 1 0 0 0 0 1 1 0 
300343	0 0 0 0 0 0 0 0 0 0 0 0 0 0 3 0 0 1 0 0 
300344	0 1 0 2 1 2 2 2 0 1 0 0 0 1 0 0 4 0 0 0 
300345	1 3 0 1 0 0 1 4 0 4 1 0 3 0 1 0 0 0 0 0 
300346	0 1 0 3 0 0 2 0 0 1 0 0 0 0 1 0 0 0 0 0 
300347	1 1 2 2 0 1 1 2 0 1 0 0 0 0 0 2 0 0 1 1 
300348	0 1 5 1 0 0 1 1 0 1 1 0 1 2 3 1 0 2 2 0 
300349	0 1 0 0 1 3 1 2 0 2 0 0 0 3 0 0 2 1 0 5 
300350	0 0 0 0 0 0 0 0 1 3 2 0 1 2 2 2 0 0 1 0 
300351	0 2 1 2 2 2 1 3 4 0 2 0 1 2 3 1 1 1 3 0 
300352	0 4 2 4 1 4 1 1 0 4 1 7 3 0 2 0 0 2 0 0 
300353	0 0 1 5 1 1 0 1 2 2 1 3 4 2 0 1 1 0 0 4 
300354	0 1 1 0 0 2 0 2 0 0 0 0 1 0 0 0 0 0 0 0 
300355	0 2 2 0 0 6 2 0 0 0 2 2 0 0 0 0 4 2 0 0 
300356	2 0 0 1 3 4 3 2 0 1 2 1 0 2 2 0 0 1 0 1 
300357	0 0 0 0 0 5 2 0 0 0 1 1 0 0 0 1 0 2 2 3 
300358	0 0 0 0 0 7 3 9 7 5 0 2 7 1 1 2 0 0 3 0 
300359	0 0 0 0 0 0 1 0 0 1 1 1 0 1 1 0 0 1 0 0 
300360	0 0 0 0 0 0 1 0 0 5 0 2 2 2 0 0 0 0 0 0 
300362	0 0 0 0 0 2 1 0 0 7 3 2 1 0 2 5 1 1 1 0 
300363	0 0 0 0 0 6 2 5 2 4 5 11 5 3 6 2 1 1 0 1 
300365	0 0 0 0 2 0 2 3 6 5 4 1 3 4 3 4 1 1 2 2 
300366	0 0 0 0 0 2 3 0 0 0 7 9 4 8 6 4 4 2 2 1 
300367	0 0 0 0 1 1 1 0 2 2 1 0 1 0 1 2 0 1 3 6 
300368	0 0 0 0 0 0 0 1 0 1 0 4 0 0 1 1 0 0 3 0 
300369	0 0 0 0 1 3 0 1 1 1 0 0 1 0 0 1 0 0 0 1 
300370	0 0 0 0 2 0 2 0 0 0 0 0 0 0 2 0 0 1 0 1 
300371	0 0 0 0 0 5 4 0 0 2 1 0 0 1 0 1 0 0 0 1 
300373	0 0 0 0 0 1 5 2 0 0 0 0 0 0 0 2 0 0 3 1 
300375	0 0 0 0 0 0 0 1 0 1 0 0 2 2 0 1 2 1 0 1 
300376	0 0 0 0 0 3 2 1 0 1 2 4 1 2 2 2 0 1 0 0 
300377	0 0 0 0 0 0 0 2 2 0 0 0 0 0 0 0 0 1 0 0 
300378	0 0 0 0 2 2 2 1 0 4 2 2 0 1 0 0 0 0 0 0 
300379	0 0 0 0 1 2 1 1 0 1 1 0 0 0 1 1 1 0 0 0 
300380	0 0 0 0 2 6 5 3 3 6 1 0 0 0 0 0 0 0 0 0 
300381	0 0 0 0 1 1 0 0 0 0 0 0 0 3 0 1 0 0 0 0 
300382	0 0 0 0 0 3 1 1 0 0 0 1 0 0 0 1 0 0 0 2 
300383	0 0 0 0 4 4 5 4 4 0 0 6 2 2 8 3 0 1 2 0 
300384	0 0 0 0 0 0 0 2 2 5 0 2 0 0 0 0 0 2 0 0 
300385	0 0 0 0 0 0 0 1 0 0 0 0 1 0 0 0 0 1 0 0 
300386	0 0 0 0 0 0 1 1 0 2 0 3 0 1 0 0 2 0 0 0 
300387	0 0 0 0 0 0 0 1 0 0 0 6 0 1 1 0 0 1 0 0 
300388	0 0 0 0 0 0 0 0 0 0 1 1 1 0 1 1 0 0 1 0 
300389	0 0 0 0 0 0 2 5 3 8 8 8 7 2 3 5 2 0 1 1 
300390	0 0 0 0 0 0 0 0 0 0 0 5 0 0 0 1 0 0 0 0 
300391	0 0 0 0 0 0 0 0 0 1 0 0 0 0 0 0 0 0 0 0 
300392	0 0 0 0 0 0 0 1 0 0 5 0 0 0 0 0 0 0 0 0 
300393	0 0 0 0 0 0 0 3 0 0 0 1 0 0 0 0 0 0 0 0 
300395	0 0 0 0 0 0 0 1 1 1 0 2 0 1 1 1 0 1 0 1 
300396	0 0 0 0 0 0 0 1 0 0 1 1 1 0 1 0 1 2 1 0 
300397	0 0 0 0 0 0 0 0 0 1 1 1 1 3 3 1 2 1 2 0 
300398	0 0 0 0 0 0 0 2 2 1 1 0 0 0 0 1 3 1 0 3 
300399	0 0 0 0 0 0 0 2 3 1 0 0 0 0 0 0 0 0 0 0 
300400	0 0 0 0 0 0 0 5 1 4 1 1 1 1 1 2 2 6 2 1 
300401	0 0 0 0 0 0 0 0 0 0 0 0 0 0 0 0 0 0 0 0 
300402	0 0 0 0 0 0 0 0 0 0 0 1 0 0 0 0 0 0 0 0 
300403	0 0 0 0 0 0 0 0 3 5 2 4 1 5 3 5 1 6 1 6 
300405	0 0 0 0 0 0 0 0 0 0 0 1 0 3 0 1 2 0 1 0 
300406	0 0 0 0 0 0 0 1 1 0 0 0 1 0 0 0 0 1 0 2 
300407	0 0 0 0 0 0 0 0 1 4 0 0 1 5 1 2 0 0 1 1 
300408	0 0 0 0 0 0 0 5 6 2 0 3 1 1 6 12 0 2 0 1 
300409	0 0 0 0 0 0 0 0 1 0 0 0 0 0 0 0 1 0 0 0 
300410	0 0 0 0 0 0 0 0 0 0 0 0 0 0 0 1 0 3 0 2 
300411	0 0 0 0 0 0 0 0 0 0 0 0 0 0 0 0 0 0 0 0 
300412	0 0 0 0 0 0 0 0 0 0 1 1 0 0 0 1 0 0 0 0 